"timestamp","x_pos","y_pos","z_pos","quat_x","quat_y","quat_z","quat_w","roll","yaw","pitch","forward_x","forward_y","forward_z"
39076644,0.5516358,1.53004849,-0.9834,0.306981623,-0.09030618,0.0532484,0.945923746,36.18396,350.144348,3.21693659,-0.138152942,-0.5903797,0.7952142
39076656,0.5520105,1.52986836,-0.9831531,0.307339281,-0.08901869,0.0530574061,0.945940435,36.22058,350.3093,3.24456549,-0.1357995,-0.590895534,0.795236468
39076666,0.5524255,1.52981126,-0.9827888,0.307539761,-0.08768829,0.0529900976,0.946003258,36.2394,350.486023,3.29244637,-0.133313686,-0.5911604,0.7954601
39076678,0.552695036,1.52975607,-0.9824649,0.308016241,-0.08652392,0.0527248457,0.9459703,36.2899857,350.630829,3.30372334,-0.1312179,-0.591872334,0.7952792
39076690,0.5530258,1.52968884,-0.98218596,0.3083085,-0.08535093,0.0525446,0.945991635,36.31926,350.781158,3.32875133,-0.129082635,-0.592284,0.7953222
39076700,0.5533821,1.52961135,-0.9818276,0.308499068,-0.08418781,0.05244837,0.9460391,36.33713,350.934143,3.36571169,-0.126929373,-0.5925354,0.7954815
39076711,0.553713262,1.52957153,-0.9815173,0.308844775,-0.08308503,0.05222552,0.94603616,36.3726768,351.073029,3.381579,-0.124943726,-0.593035,0.795423567
39076722,0.554038763,1.52945375,-0.9811907,0.309312433,-0.08208829,0.05208175,0.9459783,36.42402,351.200775,3.40242338,-0.123088419,-0.593756258,0.795174658
39076734,0.5543864,1.52938771,-0.980839,0.3096917,-0.08103684,0.05180804,0.945959866,36.463356,351.3305,3.40909171,-0.121226162,-0.594308555,0.7950482
39076755,0.5546425,1.52929759,-0.9804871,0.310022265,-0.08025563,0.051681865,0.9459251,36.499176,351.430267,3.42412925,-0.119786568,-0.5948112,0.794890463
39076766,0.5549312,1.52922535,-0.9801216,0.310376674,-0.07933919,0.05141065,0.9459009,36.5360832,351.541931,3.4255085,-0.1181807,-0.595328867,0.79474324
39076778,0.5555571,1.529067,-0.9795078,0.310769767,-0.07790283,0.0510446951,0.9459111,36.5749779,351.72,3.43717718,-0.11565201,-0.5958742,0.7947066
39076790,0.5558914,1.52879059,-0.9790796,0.3109387,-0.07722899,0.05092921,0.94591707,36.5918655,351.8061,3.45043039,-0.114432715,-0.5961109,0.7947056
39076801,0.5561101,1.52868342,-0.9788364,0.311251253,-0.07645023,0.05071882,0.9458889,36.62486,351.901978,3.45445633,-0.113054246,-0.5965731,0.794556
39076811,0.55662,1.528594,-0.9785917,0.311698556,-0.0756734,0.0504167452,0.945820153,36.673336,351.9933,3.445004,-0.111717209,-0.597251952,0.7942351
39076823,0.556965649,1.52849865,-0.9782541,0.312225074,-0.07487103,0.05017638,0.9457231,36.73183,352.090759,3.44454527,-0.1102819,-0.598070443,0.793819666
39076834,0.557323337,1.52835691,-0.9779538,0.3127502,-0.07407502,0.049997393,0.9456218,36.7907257,352.190216,3.45225477,-0.10882052,-0.59889394,0.7934004
39076845,0.5575885,1.52824378,-0.9775387,0.313318968,-0.07327312,0.0497576147,0.9455086,36.85438,352.28772,3.45179486,-0.107380718,-0.599783361,0.7929245
39076857,0.5579807,1.52803826,-0.977156162,0.313802928,-0.07252,0.04964239,0.9454122,36.90904,352.3844,3.46678066,-0.105966732,-0.60054636,0.792537153
39076868,0.5583593,1.5279007,-0.9768082,0.314174116,-0.0718360543,0.0493748263,0.9453552,36.9491539,352.465,3.45886612,-0.104796596,-0.601106048,0.7922684
39076881,0.558629036,1.52779269,-0.9763619,0.314668179,-0.07104024,0.04899276,0.945270836,37.00281,352.555542,3.43968964,-0.103471614,-0.6018542,0.791874468
39076892,0.558974564,1.52782774,-0.976033,0.315096527,-0.07017182,0.04844568,0.945221245,37.04707,352.6486,3.40195131,-0.102125652,-0.602470934,0.7915802
39076911,0.559437454,1.52781367,-0.9755262,0.315446764,-0.06929775,0.04789492,0.945197,37.08195,352.742371,3.36458,-0.10078346,-0.6029567,0.7913823
39076922,0.559848,1.52778387,-0.9751649,0.315932721,-0.06843586,0.0474372059,0.9451206,37.1340446,352.838562,3.33844185,-0.09938636,-0.6036818,0.7910061
39076934,0.5606456,1.52753758,-0.974596,0.316533655,-0.06678861,0.04714481,0.9450519,37.19855,353.0495,3.37021875,-0.09639155,-0.6045789,0.790691435
39076945,0.5612179,1.52751875,-0.974356532,0.316791415,-0.06601408,0.04704652,0.945024848,37.22618,353.150543,3.39077044,-0.09496203,-0.604963,0.7905707
39076956,0.5616764,1.52749622,-0.9740325,0.317031443,-0.06522307,0.0468893833,0.945007145,37.2511826,353.251221,3.40424132,-0.09354171,-0.60531044,0.790474057
39076968,0.5620914,1.527516,-0.9737394,0.3171036,-0.06439566,0.04667491,0.9450503,37.2553978,353.3544,3.41265368,-0.0921127051,-0.605369,0.790597
39076979,0.5624756,1.52748883,-0.9733665,0.3172268,-0.06367934,0.0463801958,0.945072,37.2656441,353.438721,3.40472126,-0.09093703,-0.605511248,0.7906242
39076990,0.5629176,1.52747679,-0.973044634,0.3173005,-0.06279255,0.04611227,0.9451197,37.2695,353.547577,3.40860033,-0.08943005,-0.6055649,0.790755
39077001,0.5633799,1.527459,-0.972744346,0.3173624,-0.0620502234,0.0457766056,0.945164263,37.2720375,353.6336,3.39666915,-0.08823976,-0.6056001,0.7908617
39077012,0.563854456,1.5274415,-0.9724554,0.317556381,-0.0613202043,0.0453922339,0.9451653,37.29028,353.715637,3.37679362,-0.08708627,-0.605853438,0.790795565
39077024,0.5643075,1.52743793,-0.972213745,0.3178395,-0.0607270263,0.0450994037,0.9451224,37.3204269,353.7831,3.36262822,-0.0861202,-0.606272,0.7905806
39077035,0.5647881,1.52738166,-0.9719316,0.318038583,-0.0600514337,0.0446335673,0.945120752,37.3390427,353.853973,3.3291626,-0.08512132,-0.6065303,0.790490568
39077047,0.565370262,1.52734482,-0.971731544,0.318297446,-0.0594091825,0.044213526,0.9450939,37.3653526,353.922363,3.30010462,-0.0841484144,-0.6068953,0.790314555
39077067,0.5658848,1.52717423,-0.9714415,0.3186041,-0.0588746965,0.04387481,0.9450398,37.39838,353.9797,3.276937,-0.08332047,-0.6073534,0.7900504
39077078,0.5664487,1.527143,-0.9710765,0.318909049,-0.0583640859,0.0434093438,0.9449901,37.4305153,354.027954,3.23539424,-0.0826197,-0.6077989,0.789781332
39077092,0.567512333,1.526973,-0.970579147,0.319570035,-0.0570315123,0.04244005,0.9448922,37.49985,354.165253,3.1613133,-0.08065213,-0.608759344,0.789244831
39077103,0.568056345,1.52692175,-0.9703218,0.319877684,-0.0563954264,0.04203126,0.944844544,37.53241,354.2333,3.13341212,-0.0796801,-0.6092101,0.7889956
39077114,0.5685736,1.52688432,-0.970085859,0.320423037,-0.0557949878,0.0418424271,0.9447038,37.59521,354.306549,3.13277388,-0.07860492,-0.610078931,0.788432
39077125,0.5691326,1.52672386,-0.969824433,0.320804179,-0.05520951,0.04159393,0.944619834,37.63788,354.3751,3.12418413,-0.0776169747,-0.6106688,0.7880732
39077136,0.5697238,1.52673292,-0.969466,0.321120381,-0.0545330271,0.041406285,0.944559932,37.6727676,354.459045,3.12855935,-0.07642662,-0.6111509,0.7878157
39077147,0.570194364,1.52667618,-0.969182134,0.321250081,-0.0538960919,0.0411129,0.9445652,37.6846428,354.532684,3.117552,-0.0754017,-0.611314952,0.7877872
39077158,0.570754647,1.52658951,-0.9688393,0.3213279,-0.0531244278,0.04088586,0.9445923,37.69021,354.62793,3.12219787,-0.07408632,-0.6113918,0.787852347
39077169,0.5712843,1.52658868,-0.968567133,0.321417153,-0.0525272265,0.0404976755,0.944612,37.696846,354.691742,3.096565,-0.0732024,-0.611483455,0.7878638
39077181,0.5717658,1.52654469,-0.9683155,0.321431071,-0.0518740155,0.0402027965,0.944656,37.6947479,354.7676,3.08668065,-0.07216135,-0.611454546,0.7879823
39077192,0.5722603,1.52657819,-0.9681109,0.321468651,-0.0511915758,0.03976265,0.944699049,37.6946564,354.840668,3.05815864,-0.07115638,-0.611453235,0.7880747
39077203,0.5726989,1.526514,-0.967993259,0.3216147,-0.0504625626,0.0395428278,0.9446978,37.708786,354.93042,3.061537,-0.0699086338,-0.6116483,0.788035035
39077224,0.5731496,1.52649486,-0.9677309,0.3217861,-0.0499532744,0.03933217,0.944675267,37.72674,354.990448,3.05580044,-0.06906615,-0.6118963,0.7879167
39077235,0.5736506,1.52650738,-0.967544436,0.3218247,-0.0494494252,0.0389744565,0.94470346,37.7279,355.042877,3.030226,-0.0683442056,-0.6119123,0.7879672
39077248,0.574391961,1.5264473,-0.9670528,0.322205752,-0.0485749468,0.03855543,0.944636166,37.7690468,355.14328,3.01223731,-0.06692574,-0.6124801,0.787647843
39077258,0.5748474,1.52652979,-0.9668499,0.3223185,-0.04809273,0.0384568572,0.9446264,37.7806473,355.2049,3.020908,-0.06606861,-0.612640142,0.787595749
39077270,0.57533437,1.52648354,-0.9666792,0.322564274,-0.0476686656,0.0381233543,0.9445775,37.8073578,355.2475,2.9941256,-0.0654590353,-0.6130085,0.787359953
39077283,0.575906754,1.52645016,-0.966558,0.322716922,-0.04724553,0.0378228,0.94455874,37.8229942,355.291534,2.972196,-0.0648402348,-0.6132241,0.7872433
39077295,0.576361537,1.52652645,-0.966431141,0.322904885,-0.046910923,0.0377451852,0.9445142,37.8443069,355.3339,2.97656846,-0.06423986,-0.6135179,0.7870636
39077306,0.5769194,1.52651286,-0.9661889,0.323100328,-0.046657145,0.03746482,0.9444711,37.8657837,355.3556,2.94929743,-0.06392286,-0.6138139,0.786858559
39077318,0.57736963,1.52647758,-0.9660375,0.3234342,-0.0462068431,0.03725443,0.9443873,37.9037743,355.407654,2.94038463,-0.0631756,-0.614337146,0.786510468
39077329,0.577873349,1.52627087,-0.965826631,0.323839843,-0.045842085,0.036942903,0.9442783,37.9502449,355.443176,2.913311,-0.06264821,-0.614976943,0.7860525
39077340,0.5782864,1.52619839,-0.965808034,0.3239791,-0.04560302,0.036764,0.9442491,37.96552,355.467621,2.899518,-0.06229968,-0.6151871,0.7859158
39077350,0.578789,1.52617335,-0.9656521,0.324074358,-0.04529228,0.03648906,0.94424206,37.9747849,355.4974,2.87608433,-0.061883416,-0.6153146,0.785848856
39077360,0.5792543,1.52625823,-0.9654937,0.3240829,-0.0450773,0.03643233,0.9442516,37.9748955,355.5243,2.87842727,-0.0615144372,-0.615316153,0.785876632
39077379,0.579731,1.52621841,-0.9653305,0.3242071,-0.04474601,0.0361391865,0.944236,37.987545,355.556061,2.85336685,-0.0610684231,-0.615490139,0.7857751
39077389,0.580215037,1.52620685,-0.9651545,0.324351072,-0.0443486944,0.0357203,0.9442212,38.0018272,355.590942,2.814083,-0.0605781227,-0.6156866,0.785659134
39077400,0.5806299,1.52614522,-0.9650874,0.3245469,-0.0439579971,0.03523316,0.9441905,38.0221252,355.6217,2.764919,-0.06013982,-0.6159657,0.785474
39077408,0.5810847,1.52613747,-0.9649253,0.324748129,-0.0434688441,0.0348276645,0.944159,38.0432129,355.66983,2.73163486,-0.0594625622,-0.6162556,0.7852982
39077418,0.581423342,1.52614307,-0.9646642,0.324913025,-0.0430169068,0.0344695,0.944136143,38.0602531,355.715118,2.703236,-0.05882845,-0.6164898,0.785162151
39077427,0.5819204,1.52613258,-0.9644693,0.324838877,-0.0426039957,0.0343383,0.944185138,38.0494957,355.765717,2.70504236,-0.0581432953,-0.616341949,0.7853292
39077436,0.582420349,1.52617478,-0.964246869,0.324927926,-0.0421135239,0.0341988131,0.944181561,38.0582542,355.82666,2.708827,-0.0573013276,-0.61646235,0.7852966
39077449,0.5829105,1.52615511,-0.9640379,0.324852049,-0.0415192433,0.0340234563,0.944240332,38.0465927,355.900146,2.71315551,-0.0563031062,-0.6163021,0.7854946
39077460,0.583396256,1.52609038,-0.96384716,0.325008482,-0.04087168,0.0338960849,0.944219351,38.0631371,355.983276,2.725861,-0.0551506355,-0.6165294,0.785398
39077471,0.583889365,1.52608824,-0.9636133,0.324984252,-0.0401883759,0.03369997,0.944264,38.0574,356.068054,2.731386,-0.0539929569,-0.616450548,0.7855403
39077482,0.584523,1.5260787,-0.963452458,0.3250525,-0.03946231,0.0333992951,0.9442818,38.06233,356.153778,2.724277,-0.0528140366,-0.6165183,0.7855672
39077494,0.585019767,1.5261538,-0.963235259,0.325187624,-0.03874523,0.0333057679,0.9442683,38.07625,356.2481,2.74506545,-0.0515105352,-0.6167096,0.7855036
39077505,0.5855574,1.52609372,-0.9630395,0.325375617,-0.03801166,0.0330372266,0.9442428,38.09584,356.3365,2.74244642,-0.05028545,-0.616978765,0.785371661
39077516,0.5861187,1.52604854,-0.9628389,0.32578516,-0.0373690464,0.0328696966,0.944133043,38.142952,356.417328,2.74888468,-0.049145788,-0.617625654,0.7849352
39077536,0.5866661,1.52591991,-0.9626112,0.3261908,-0.03667255,0.0327703431,0.9440238,38.1897125,356.508881,2.767384,-0.04786075,-0.6182673,0.784509361
39077546,0.587222457,1.52581179,-0.9624088,0.3266062,-0.03602021,0.0326722078,0.943908632,38.23779,356.594482,2.78402853,-0.04665768,-0.6189266,0.784061849
39077555,0.587920368,1.52576661,-0.962254047,0.326955467,-0.03547526,0.03253052,0.943813264,38.2780151,356.6632,2.789773,-0.0456919819,-0.619477868,0.78368324
39077565,0.588493943,1.525847,-0.961995959,0.3272488,-0.03474395,0.03247908,0.9437406,38.3112335,356.761932,2.81707859,-0.0443210676,-0.6199329,0.783402145
39077574,0.5890806,1.52574658,-0.961789,0.327604979,-0.0340134576,0.03215664,0.943654656,38.35115,356.847717,2.8069098,-0.043124564,-0.6204794,0.7830361
39077584,0.5897011,1.52566051,-0.9615834,0.327896178,-0.03323032,0.03181773,0.9435929,38.38303,356.9399,2.79718566,-0.0418459661,-0.620915651,0.782759666
39077594,0.59025985,1.52551174,-0.9614028,0.3282803,-0.032247927,0.031440828,0.943506062,38.425518,357.057953,2.79170871,-0.04020942,-0.621496737,0.7823842
39077605,0.5908839,1.52547264,-0.9611554,0.3285478,-0.0314118639,0.0312123727,0.9434487,38.4547844,357.162842,2.7999804,-0.03876145,-0.621896863,0.782139242
39077616,0.5914214,1.52543044,-0.960831642,0.329009742,-0.0305204634,0.0310027748,0.9433239,38.5075645,357.2766,2.81334519,-0.0371809378,-0.62261796,0.7816422
39077627,0.5920094,1.52526808,-0.9606297,0.329220384,-0.0296079442,0.03091671,0.9432823,38.5301476,357.399,2.84525013,-0.035500478,-0.6229263,0.7814746
39077638,0.5926571,1.525228,-0.9603411,0.329432249,-0.0287015568,0.0308163445,0.9432396,38.5528374,357.519867,2.87495351,-0.0338410959,-0.62323606,0.78130126
39077649,0.593293667,1.525172,-0.960067749,0.329433382,-0.0277517848,0.0306260046,0.9432739,38.5495872,357.642029,2.89453578,-0.0321766138,-0.6231917,0.781406939
39077661,0.593924046,1.52515316,-0.9597622,0.3296125,-0.0267042052,0.0302239414,0.94325453,38.56713,357.767822,2.88944435,-0.0304533485,-0.623431146,0.781285
39077672,0.5945688,1.52514076,-0.9594356,0.329768062,-0.0257504843,0.0299307425,0.943236,38.58241,357.8859,2.894938,-0.02883716,-0.623639643,0.781179845
39077694,0.5950438,1.52509165,-0.959038138,0.330012858,-0.02477678,0.0296695977,0.943184733,38.6085625,358.0085,2.90585947,-0.02715546,-0.6239964,0.780955255
39077706,0.5957928,1.52487636,-0.958586931,0.330391467,-0.0239540674,0.02941126,0.9430815,38.65146,358.110718,2.90991235,-0.0257468149,-0.6245812,0.78053534
39077718,0.597104967,1.52472162,-0.9579936,0.330805928,-0.0222649761,0.0289292745,0.9429925,38.69564,358.3222,2.92519236,-0.0228514615,-0.6251833,0.78014344
39077728,0.5978534,1.52479959,-0.9575856,0.331079572,-0.0215173718,0.02870639,0.9429206,38.72616,358.415619,2.93073463,-0.0215701479,-0.6255989,0.7798466
39077739,0.5985427,1.52476335,-0.957219958,0.3314845,-0.0207103379,0.0284700356,0.9428036,38.772438,358.517029,2.937436,-0.0201768111,-0.6262288,0.779378235
39077750,0.599243045,1.52468824,-0.956886053,0.331699073,-0.0199893974,0.0281434171,0.9427535,38.7957535,358.601624,2.92740726,-0.019019857,-0.6265461,0.7791523
39077762,0.5998727,1.52470052,-0.9566312,0.33210668,-0.0191367231,0.0278347731,0.942636847,38.8421745,358.705963,2.92649031,-0.017589733,-0.6271773,0.7786779
39077773,0.600607038,1.524632,-0.9563035,0.3324123,-0.01834059,0.0274901781,0.94255507,38.8763847,358.8004,2.91783571,-0.0162978843,-0.6276422,0.7783314
39077784,0.601258457,1.52454042,-0.9559077,0.332696468,-0.0175358355,0.0273368862,0.9424746,38.9082222,358.905457,2.936226,-0.014864387,-0.6280747,0.7780111
39077796,0.6019716,1.52442765,-0.9555992,0.333032,-0.0168123636,0.0270521715,0.942377448,38.94642,358.992981,2.93251133,-0.0136687066,-0.6285933,0.777614057
39077808,0.6027337,1.52431941,-0.955253363,0.33318162,-0.0159660056,0.0267858058,0.942346931,38.9616928,359.0979,2.9372232,-0.0122419558,-0.6288007,0.7774702
39077819,0.603449,1.52421224,-0.9548491,0.333533943,-0.0150407227,0.0263955854,0.9422485,39.0012779,359.2084,2.92892551,-0.0107365493,-0.6293377,0.777057767
39077832,0.6042427,1.5241617,-0.9544294,0.333940357,-0.0139856292,0.0259754546,0.9421325,39.0470734,359.3357,2.9230454,-0.009004125,-0.6299587,0.776576459
39077855,0.6050277,1.52405691,-0.9540782,0.334229946,-0.0130135575,0.0258470569,0.942047238,39.07916,359.465546,2.95359421,-0.00724105,-0.6303935,0.776241958
39077866,0.6059558,1.52387524,-0.953732,0.334467858,-0.0120590394,0.0257361829,0.9419785,39.10502,359.5937,2.985723,-0.005502861,-0.6307438,0.775971651
39077879,0.607700467,1.523709,-0.952934,0.335071355,-0.0102507826,0.02557607,0.9417898,39.1725464,359.839722,3.054158,-0.00216854736,-0.6316579,0.775244236
39077890,0.6086553,1.5236721,-0.952613354,0.335527658,-0.009312485,0.0251831189,0.941647649,39.22495,359.952759,3.0470314,-0.000638894737,-0.6323667,0.774668932
39077903,0.6094904,1.52371478,-0.9522536,0.3359345,-0.008205894,0.024608124,0.941528141,39.2708778,0.08002508,3.02287674,0.001081273,-0.63298744,0.774161339
39077918,0.610361457,1.52366757,-0.9518653,0.336087167,-0.00711951545,0.0240328982,0.9414973,39.2860565,0.2034454,2.99707413,0.00274828728,-0.633192539,0.773989439
39077931,0.6129877,1.5233525,-0.950614333,0.336767823,-0.00450972933,0.0231954791,0.9412912,39.3608551,0.528603852,3.01228118,0.0071330443,-0.6342024,0.7731342
39077954,0.6148907,1.52331376,-0.949888468,0.337250948,-0.00267123454,0.0226052348,0.9411396,39.41414,0.757902265,3.0233233,0.0102192648,-0.6349212,0.772509336
39077975,0.616778,1.52317238,-0.9493829,0.337645739,-0.000189965693,0.0217741448,0.9410214,39.455,1.06463969,3.03282547,0.0143463705,-0.635472,0.771990657
39077998,0.6179054,1.5229888,-0.949092746,0.3376918,0.00157961412,0.0212041829,0.941016555,39.4556046,1.28341544,3.04193473,0.0172938444,-0.635480165,0.7719235
39078021,0.6189346,1.522923,-0.948766232,0.337945849,0.002814435,0.0208134335,0.9409312,39.4830856,1.43764508,3.05030775,0.0193640068,-0.6358504,0.7715694
39078033,0.6200774,1.5229156,-0.9485369,0.338058859,0.0042516645,0.02049311,0.9408923,39.49268,1.622964,3.07808828,0.0218564719,-0.635979652,0.7713963
39078045,0.622233033,1.52283239,-0.947811246,0.3384,0.00682541868,0.0200249534,0.940764546,39.526577,1.9610604,3.143474,0.0263951123,-0.6364361,0.7708777
39078059,0.6233195,1.52279413,-0.947503448,0.338688761,0.008117502,0.0199163239,0.940652668,39.5576019,2.13797331,3.19477248,0.02876237,-0.636853635,0.770448
39078071,0.6243552,1.52273607,-0.9472556,0.3388662,0.009286418,0.0196176525,0.940584242,39.5759163,2.287502,3.21277976,0.0307648368,-0.637100041,0.770166934
39078084,0.6253687,1.52266681,-0.946995,0.339019775,0.0107200891,0.0191277415,0.940523744,39.5909462,2.46432638,3.21727633,0.0331343636,-0.6373022,0.769901335
39078097,0.627455354,1.52261186,-0.946645856,0.339581221,0.0135093769,0.0179033969,0.940309346,39.6532,2.7966342,3.1900394,0.0375653021,-0.638139069,0.769004166
39078122,0.6306132,1.52239442,-0.945965648,0.340260744,0.0178270917,0.0166998226,0.9400138,39.72505,3.345247,3.24435019,0.0448800176,-0.6391042,0.7678096
39078144,0.6326932,1.52227807,-0.945638061,0.340121269,0.0206572283,0.0164519977,0.9400107,39.69909,3.7280283,3.35159683,0.05002738,-0.63875556,0.7677816
39078165,0.6336857,1.52219355,-0.945452,0.3397127,0.0220521353,0.0164627749,0.9401266,39.64432,3.920562,3.42011642,0.0526488274,-0.6380198,0.768218
39078190,0.6346854,1.52220154,-0.9452889,0.339765877,0.0233637579,0.0162261948,0.9400798,39.6470032,4.092651,3.4535923,0.05495381,-0.638055861,0.7680266
39078200,0.6355455,1.52217746,-0.9451126,0.339919627,0.0247209668,0.0160596166,0.939992368,39.6614265,4.275532,3.50008583,0.057393,-0.6382497,0.767687
39078211,0.6374877,1.52215123,-0.9449321,0.34014672,0.0268668216,0.0157364234,0.9398568,39.6825066,4.561659,3.56524181,0.0612073168,-0.6385329,0.7671568
39078223,0.638314366,1.52207077,-0.944739342,0.34026,0.0278216582,0.01572768,0.939788163,39.69268,4.69594955,3.6133132,0.06299593,-0.63866955,0.766898155
39078236,0.6391852,1.52204609,-0.9447212,0.340066552,0.0286177546,0.0156772379,0.939835131,39.6663361,4.80309725,3.64455175,0.0644545555,-0.6383157,0.767071545
39078250,0.640113,1.52204537,-0.944607,0.340009183,0.0292970426,0.0155199282,0.9398376,39.6575356,4.8897357,3.65624523,0.0656227544,-0.6381974,0.7670709
39078264,0.6409272,1.52191591,-0.9443959,0.339841545,0.0298138447,0.0154206334,0.9398836,39.6356621,4.955502,3.66673279,0.06652423,-0.637903452,0.7672377
39078278,0.6427648,1.5219121,-0.9441385,0.339672863,0.0308713634,0.014924759,0.9399184,39.61369,5.07696438,3.64896846,0.0681721941,-0.637608051,0.7673386
39078299,0.6454456,1.52181554,-0.943526864,0.3394438,0.03246966,0.0139246723,0.9399626,39.585186,5.24817371,3.58728576,0.0704938248,-0.637224734,0.767447233
39078322,0.647492349,1.52187943,-0.943415046,0.3394864,0.0332624428,0.0130337076,0.939932346,39.5923729,5.314771,3.50312924,0.0713784248,-0.6373214,0.767285168
39078356,0.648512244,1.52188873,-0.94333744,0.3395875,0.0340544954,0.0126203671,0.9398731,39.6040726,5.40581131,3.486299,0.07258525,-0.637478769,0.7670412
39078367,0.6493832,1.52182913,-0.9431064,0.339589983,0.0347277373,0.0124397594,0.93985,39.6029243,5.490979,3.49498367,0.0737265646,-0.6374633,0.766945243
39078377,0.6514891,1.521838,-0.9428406,0.3393694,0.036735855,0.01175141,0.9398622,39.5727577,5.735269,3.49748588,0.07702942,-0.637057543,0.7669578
39078387,0.652621865,1.52200079,-0.9428108,0.339240551,0.0377815478,0.0110685891,0.939875543,39.5574379,5.846065,3.45329213,0.07852973,-0.63685143,0.766976833
39078400,0.6536888,1.52201724,-0.9426938,0.3389838,0.03925809,0.0102115944,0.9399173,39.52625,6.007139,3.404975,0.08072185,-0.6364317,0.767097533
39078412,0.6547809,1.52211428,-0.942541242,0.339025,0.04073081,0.009408439,0.9398482,39.531147,6.17334938,3.367315,0.08294094,-0.6364976,0.7668061
39078423,0.6558615,1.52217293,-0.9423901,0.33877787,0.0422352962,0.008849634,0.9398763,39.4994659,6.35331774,3.36201143,0.0853880346,-0.636071,0.7668915
39078434,0.6568756,1.52218437,-0.942358255,0.33856833,0.0436882637,0.008504673,0.9398886,39.4711723,6.53708553,3.38428044,0.0878830254,-0.6356899,0.766925633
39078446,0.657956362,1.52219748,-0.942184,0.338310152,0.0450247824,0.008241467,0.939920843,39.43685,6.70807076,3.41140962,0.0902158,-0.6352274,0.767038
39078462,0.6590557,1.52222776,-0.9420192,0.338093,0.0464677773,0.008112743,0.939929843,39.40615,6.90097332,3.462972,0.09283862,-0.6348135,0.76706773
39078475,0.6601206,1.52222848,-0.9418752,0.3380429,0.04808215,0.007765749,0.9398696,39.39668,7.108715,3.49470663,0.09563221,-0.6346857,0.7668302
39078499,0.6624619,1.52206635,-0.941589832,0.338125974,0.05135483,0.00682592858,0.9396739,39.4018364,7.520215,3.528532,0.101129629,-0.634755254,0.766067
39078511,0.6635497,1.52202082,-0.941387057,0.338125944,0.05298588,0.00628455728,0.939587057,39.4000778,7.721259,3.53472,0.103819638,-0.634731531,0.7657267
39078522,0.666842163,1.521899,-0.940788269,0.338078916,0.05775614,0.00511808041,0.9393299,39.3861771,8.329502,3.61020923,0.11196477,-0.6345441,0.764733732
39078543,0.6688753,1.52174568,-0.9402641,0.338414073,0.0609566644,0.004520608,0.93901,39.4197845,8.751501,3.69218421,0.117537513,-0.6349973,0.7635204
39078567,0.6712215,1.52171636,-0.9395677,0.338892817,0.0637709349,0.00396287953,0.938652933,39.4719276,9.123722,3.763055,0.122403532,-0.635700047,0.762169838
39078589,0.672249556,1.52156281,-0.939172864,0.339126557,0.06515335,0.003297192,0.938476145,39.50123,9.287266,3.743552,0.124526061,-0.636094749,0.7614964
39078599,0.673333645,1.52150047,-0.938858151,0.3392162,0.06672158,0.00277851848,0.9383352,39.51099,9.48229,3.75161982,0.127099454,-0.6362262,0.7609612
39078610,0.674392045,1.52143574,-0.93854785,0.339368522,0.06806621,0.00234256545,0.938184738,39.528492,9.651026,3.76106238,0.129307345,-0.636461854,0.760392
39078621,0.6754812,1.521455,-0.938252449,0.339543581,0.06945206,0.00187623664,0.9380208,39.548954,9.824418,3.768825,0.131569088,-0.6367373,0.759773135
39078632,0.676568866,1.52138507,-0.9379817,0.3396718,0.0708328858,0.00143725669,0.937871933,39.56355,9.997896,3.77944255,0.13384074,-0.6369337,0.75921154
39078654,0.6778869,1.52131128,-0.93780756,0.3397526,0.0721524,0.000796870561,0.9377428,39.5748863,10.1521683,3.75820923,0.135862261,-0.637086153,0.7587244
39078665,0.678997,1.5213182,-0.937521,0.33989796,0.07369684,0.000280296634,0.937570333,39.5919075,10.3451109,3.76673079,0.13838248,-0.637315154,0.7580763
39078677,0.6810565,1.52112031,-0.9370698,0.340113044,0.07667616,-0.0009255325,0.937252939,39.6194763,10.7062054,3.75316048,0.143100336,-0.637685835,0.7568878
39078688,0.6821579,1.52113891,-0.9367938,0.3402313,0.07807648,-0.00154591457,0.937093556,39.6352959,10.8736162,3.739749,0.145278,-0.6378985,0.7562935
39078700,0.683156848,1.52104974,-0.9366627,0.340302825,0.0794265941,-0.0020251323,0.936953247,39.64414,11.0403709,3.74264956,0.1474597,-0.638017356,0.7557708
39078711,0.6841819,1.52095711,-0.9363313,0.3403992,0.08070488,-0.00256714947,0.9368077,39.6571045,11.1943464,3.73370337,0.1494622,-0.6381916,0.7552302
39078722,0.685373247,1.52067351,-0.9359374,0.3403929,0.08171139,-0.00293792738,0.9367216,39.65675,11.3171682,3.73293924,0.151081562,-0.6381869,0.75491184
39078735,0.6865103,1.520622,-0.9355699,0.340297729,0.0828134939,-0.00344230561,0.936657667,39.646946,11.445446,3.7167542,0.152792975,-0.6380551,0.7546788
39078749,0.687670767,1.5205555,-0.9352194,0.340005875,0.08377107,-0.00403557532,0.936676145,39.6150932,11.5460234,3.677126,0.154188484,-0.637626946,0.7547568
39078760,0.6887889,1.52050185,-0.9348872,0.339749455,0.0848706439,-0.00463198824,0.936667442,39.58712,11.6669245,3.64486957,0.1558437,-0.6372508,0.7547346
39078771,0.6900223,1.52040541,-0.9344287,0.339757949,0.08609088,-0.00550113665,0.9365483,39.59425,11.7953215,3.58592033,0.157518417,-0.6373466,0.7543058
39078783,0.6912223,1.5202713,-0.934193,0.339682758,0.08732343,-0.006346932,0.9364561,39.59111,11.9253607,3.52924013,0.159237221,-0.6373044,0.753980458
39078807,0.692395747,1.52011228,-0.9339044,0.33993274,0.088631615,-0.007142518,0.936236739,39.626564,12.0735617,3.4897697,0.1611044,-0.637781143,0.7531803
39078818,0.6936696,1.51996851,-0.9335216,0.340160877,0.090144664,-0.007934328,0.936003,39.65875,12.250494,3.46089029,0.163353458,-0.6382137,0.752329051
39078834,0.6984992,1.519382,-0.9327086,0.3416755,0.0966667,-0.01028706,0.9347768,39.8492241,13.0759525,3.496716,0.17369391,-0.6407695,0.7478268
39078856,0.700890541,1.51918411,-0.9322448,0.34301132,0.100276031,-0.0107909385,0.9339013,40.0040359,13.582633,3.64038157,0.179893017,-0.6428416,0.7445759
39078879,0.703094661,1.51887739,-0.9318888,0.343804955,0.103977434,-0.0109728184,0.9332023,40.087822,14.1107483,3.82347631,0.186518937,-0.643961,0.7419737
39078901,0.7042542,1.51870108,-0.9319161,0.3439695,0.10598927,-0.0115991924,0.9329077,40.1088943,14.3670149,3.84388447,0.189776868,-0.644242346,0.740902543
39078913,0.7053002,1.51863146,-0.931692958,0.3442827,0.107779264,-0.0123030441,0.932578,40.1501541,14.5909081,3.84575438,0.1925537,-0.644793,0.7397061
39078925,0.70644325,1.51859522,-0.931527,0.344368547,0.109545283,-0.0131080057,0.932329535,40.16581,14.8023129,3.82710242,0.195236638,-0.645001769,0.738820255
39078938,0.7075612,1.518544,-0.931423068,0.344186157,0.11116951,-0.0137767475,0.932195,40.14771,14.995532,3.81367326,0.19777979,-0.6447603,0.738354445
39078961,0.7089052,1.518543,-0.9313891,0.3441259,0.1126136,-0.0142967794,0.932036042,40.1428528,15.1729956,3.81456518,0.200080082,-0.6446955,0.737791061
39078971,0.710051358,1.51851618,-0.9312631,0.3439116,0.113969795,-0.0147417551,0.931943357,40.1186447,15.33886,3.81754684,0.202287063,-0.644372463,0.7374714
39078981,0.712351561,1.51849651,-0.9309648,0.343752444,0.116631158,-0.0156545341,0.9316579,40.10355,15.6673832,3.82428312,0.206558108,-0.644171,0.736462831
39078991,0.7134429,1.51850557,-0.930900931,0.343793124,0.117887706,-0.0161769781,0.9314758,40.1120262,15.82023,3.81769419,0.208496034,-0.6442841,0.735817552
39079001,0.7145216,1.51846361,-0.9308343,0.343872815,0.119155385,-0.01667647,0.931276262,40.124855,15.9766216,3.81591964,0.210463986,-0.6444554,0.735106945
39079012,0.71545285,1.51839924,-0.930709839,0.3438912,0.1202343,-0.0172108412,0.931121051,40.13175,16.1033649,3.798018,0.212068066,-0.644547343,0.7345651
39079024,0.7164631,1.51845491,-0.930668235,0.34413144,0.121474922,-0.01769877,0.9308621,40.1640129,16.2598114,3.800739,0.2139714,-0.6449778,0.73363477
39079034,0.7175199,1.51847339,-0.930616,0.344235748,0.122439973,-0.0181470066,0.930688441,40.1803932,16.3765182,3.791254,0.215413243,-0.645196259,0.7330204
39079045,0.71859324,1.51847875,-0.9305898,0.34432444,0.12349391,-0.0184825025,0.930509746,40.19263,16.5112057,3.80168366,0.217096612,-0.645359457,0.732379854
39079057,0.7196534,1.51847124,-0.9305254,0.344438732,0.124510959,-0.0188570153,0.930324435,40.2088242,16.6392822,3.80551457,0.218681,-0.645575345,0.731717944
39079068,0.7206999,1.51844406,-0.9304756,0.34444797,0.125483036,-0.0193007737,0.9301812,40.2138176,16.75544,3.794654,0.2201477,-0.645641863,0.731219232
39079079,0.7217345,1.51844072,-0.9304153,0.3444886,0.126446933,-0.0196854025,0.9300276,40.2216377,16.874054,3.79244423,0.221635476,-0.6457461,0.7306776
39079091,0.7227675,1.51832271,-0.9303143,0.344448,0.1275017,-0.0201877058,0.9298879,40.2214775,16.9980946,3.77646852,0.223217338,-0.645743966,0.7301978
39079112,0.723691463,1.51828921,-0.930336237,0.344389856,0.128627375,-0.020677356,0.9297436,40.2187729,17.132515,3.765477,0.22493881,-0.6457079,0.7297013
39079124,0.7245006,1.51823449,-0.9301617,0.344394,0.129689336,-0.0210541431,0.929586053,40.2218323,17.264822,3.76854587,0.226612955,-0.6457487,0.7291469
39079135,0.72634387,1.51818991,-0.9301574,0.3445122,0.131568834,-0.02170926,0.929263055,40.2405,17.5019855,3.77874255,0.2295659,-0.6459974,0.728001952
39079147,0.727108955,1.51814723,-0.930027843,0.344676,0.13244541,-0.0221432671,0.9290675,40.2647247,17.6085548,3.7687664,0.230836943,-0.6463201,0.72731334
39079158,0.7280224,1.51817238,-0.9299902,0.344932318,0.133284479,-0.0227268673,0.928838253,40.303093,17.7043533,3.7387414,0.231920987,-0.6468309,0.726513863
39079168,0.7288226,1.51805,-0.93007195,0.345067531,0.134264559,-0.0231521931,0.9286363,40.32342,17.825613,3.73472261,0.233387753,-0.6471015,0.725802839
39079180,0.7299297,1.51805127,-0.930201054,0.3453343,0.135042071,-0.02367313,0.9284113,40.3622665,17.916111,3.71063614,0.234398887,-0.647618234,0.725015759
39079190,0.7307658,1.51807475,-0.9301981,0.3455322,0.135794789,-0.0239038337,0.928221941,40.387455,18.01615,3.723657,0.235576317,-0.647953153,0.724334538
39079202,0.7317246,1.51810837,-0.9300072,0.345873475,0.13628149,-0.0240420885,0.928019941,40.429203,18.0860176,3.73972964,0.236312836,-0.648507953,0.723597765
39079213,0.732587934,1.51812267,-0.9299979,0.346047819,0.136831984,-0.02436436,0.9278655,40.45415,18.1522312,3.72888756,0.23706089,-0.648839355,0.72305584
39079224,0.7335613,1.51798594,-0.9296206,0.34628588,0.137460276,-0.0244808253,0.927680731,40.482502,18.2412758,3.75259829,0.23808378,-0.649215758,0.722381532
39079235,0.734375954,1.51798272,-0.9294878,0.3461468,0.138004526,-0.0248533841,0.9276419,40.47079,18.2973061,3.725469,0.238831729,-0.6490603,0.7222743
39079247,0.735077143,1.51796746,-0.9292532,0.345877171,0.138597056,-0.0250189677,0.9276497,40.4392052,18.367733,3.7258184,0.239832044,-0.6486408,0.722319663
39079267,0.735910833,1.51784348,-0.9290023,0.345602632,0.138985127,-0.0252486579,0.9276877,40.40911,18.4056549,3.70635962,0.2404176,-0.648241,0.722483933
39079277,0.7366692,1.51780748,-0.9288486,0.3453186,0.13947092,-0.0253370032,0.927718163,40.374752,18.4643536,3.71133137,0.241280735,-0.647784233,0.7226059
39079286,0.7372526,1.51774693,-0.928559661,0.345190853,0.139765546,-0.025411414,0.927719355,40.3596725,18.4998779,3.71273375,0.241782829,-0.6475837,0.722617745
39079296,0.7380365,1.51764107,-0.9283947,0.345140457,0.140053034,-0.0255557876,0.9276908,40.3553,18.5325947,3.70631051,0.242211133,-0.6475256,0.722526431
39079305,0.7387084,1.51754069,-0.928384066,0.3452374,0.140398026,-0.0257253647,0.9275979,40.36891,18.5754986,3.70370722,0.24270311,-0.647706568,0.7221991
39079314,0.739370465,1.51741922,-0.9282497,0.3455379,0.14060992,-0.0259608142,0.9274473,40.4088135,18.6006126,3.69096255,0.24287568,-0.64823705,0.721664846
39079325,0.740095,1.5173831,-0.9281806,0.3458684,0.1408374,-0.0262703728,0.927280843,40.45375,18.6249275,3.66965413,0.243019447,-0.648834,0.7210797
39079336,0.7406844,1.51726747,-0.928272963,0.346265346,0.141063422,-0.0266948957,0.927086234,40.5089645,18.6447468,3.63427329,0.243068874,-0.649567,0.720402837
39079347,0.7412673,1.51717377,-0.9281204,0.34685266,0.1413562,-0.02717939,0.926808,40.58803,18.67529,3.59968352,0.243165627,-0.6506156,0.7194233
39079358,0.74199003,1.51723218,-0.9280369,0.3473175,0.1416229,-0.0276232567,0.92658,40.6517,18.7014313,3.56577969,0.243261814,-0.651459038,0.718627036
39079369,0.742700458,1.5170815,-0.928038836,0.347631574,0.141945213,-0.028048886,0.9264001,40.6966972,18.7331123,3.53293514,0.243494779,-0.652054667,0.7180077
39079380,0.7434942,1.51705265,-0.9280443,0.348016351,0.142371356,-0.0285386648,0.926175237,40.75111,18.7780037,3.49879146,0.2438578,-0.652774453,0.71723
39079392,0.744132161,1.51708663,-0.9280349,0.3481975,0.143042579,-0.0290817041,0.9259869,40.7812233,18.8508587,3.4642992,0.244658768,-0.6531725,0.716594636
39079403,0.744813144,1.51706672,-0.9279777,0.3483367,0.1436187,-0.0296863113,0.925826132,40.8079376,18.9060516,3.414964,0.24525024,-0.6535255,0.7160704
39079425,0.74547106,1.517066,-0.9279475,0.348211735,0.144321531,-0.0302577112,0.9257453,40.8018036,18.9752636,3.369187,0.246137768,-0.653444469,0.715839744
39079434,0.7461035,1.51714706,-0.927906036,0.348042279,0.144830242,-0.0307629909,0.925712943,40.78976,19.0189953,3.320944,0.246728823,-0.6532853,0.715781569
39079447,0.747263253,1.51722884,-0.9275408,0.347540855,0.145845339,-0.0309032649,0.925737262,40.7286339,19.1464272,3.340542,0.248548627,-0.6524772,0.715889
39079458,0.7478741,1.51712966,-0.9274634,0.3472043,0.1461474,-0.0307799783,0.925820053,40.6845741,19.1884518,3.363666,0.2492385,-0.6518943,0.7161802
39079470,0.7484475,1.51712871,-0.9274303,0.347066432,0.14647004,-0.0307367314,0.9258222,40.6659431,19.2337971,3.382671,0.249875054,-0.6516476,0.7161828
39079481,0.749116063,1.51711345,-0.9275067,0.346997768,0.1469213,-0.0308101531,0.925774,40.6575356,19.2932587,3.394356,0.25064975,-0.651536345,0.7160134
39079492,0.7495891,1.51686788,-0.9276484,0.34707877,0.1474182,-0.0310805757,0.9256556,40.6709938,19.3527336,3.38561153,0.251342148,-0.6517145,0.7156084
39079503,0.7500929,1.51679111,-0.9277332,0.347287,0.1478573,-0.03133854,0.9254988,40.69972,19.4074249,3.379398,0.251916558,-0.652094662,0.715059936
39079515,0.750728667,1.51675653,-0.927855968,0.347383916,0.148156673,-0.0316829,0.925402761,40.7173653,19.4352531,3.35040879,0.252196938,-0.652328134,0.714748
39079527,0.7512231,1.5168159,-0.9279463,0.3475647,0.1485154,-0.03199174,0.925266743,40.7441673,19.4752712,3.33206677,0.252594322,-0.652682662,0.714283943
39079539,0.7517225,1.51669478,-0.928107262,0.347546458,0.148870245,-0.03224148,0.9252079,40.74586,19.5132313,3.315704,0.253061056,-0.652705,0.7140982
39079550,0.7522186,1.51666236,-0.9281634,0.347614348,0.149164662,-0.0325387642,0.9251246,40.75913,19.54207,3.29213643,0.253369927,-0.65288043,0.7138283
39079562,0.75272125,1.5166769,-0.9282323,0.3475595,0.149526983,-0.0327415429,0.9250795,40.75545,19.5826473,3.281595,0.253889441,-0.652831852,0.713688135
39079586,0.753213,1.51671147,-0.9283012,0.347653925,0.149788156,-0.0330146737,0.9249921,40.771553,19.6085415,3.260435,0.254150361,-0.6530447,0.7134005
39079597,0.753553867,1.51667523,-0.9283304,0.34760052,0.150245413,-0.03327672,0.9249286,40.76898,19.6598129,3.24676943,0.254798532,-0.653010666,0.7132004
39079607,0.754593,1.51677442,-0.9283298,0.3477671,0.151057169,-0.0340676159,0.924704969,40.8027,19.74039,3.18525934,0.255671442,-0.6534563,0.712479532
39079616,0.7550657,1.51678944,-0.9284258,0.347758263,0.151509851,-0.03448722,0.924618661,40.80888,19.7841187,3.15084124,0.256191254,-0.653537869,0.7122179
39079627,0.7555104,1.51681232,-0.9285636,0.347614437,0.151889309,-0.03461086,0.924605846,40.7928925,19.82917,3.14951181,0.256813,-0.6533267,0.7121877
39079638,0.7559859,1.51682353,-0.928668141,0.347580254,0.15237911,-0.03486763,0.9245285,40.7925262,19.8858681,3.13893414,0.257519066,-0.653321862,0.7119371
39079649,0.7563981,1.51682258,-0.9287255,0.347469151,0.15292874,-0.03499829,0.924474537,40.7800751,19.955761,3.14670157,0.258435816,-0.6531573,0.711756
39079660,0.756884,1.51686573,-0.9287832,0.3474258,0.153460234,-0.03523544,0.9243938,40.77808,20.0192356,3.14079213,0.259231955,-0.653130949,0.7114906
39079671,0.7573266,1.51690972,-0.928867936,0.347328752,0.154056326,-0.0354834832,0.9243216,40.7696724,20.09023,3.13515472,0.2601463,-0.653019845,0.711258769
39079682,0.7578824,1.5169487,-0.9290428,0.347217768,0.154600337,-0.03581161,0.9242598,40.7615051,20.1494141,3.11517978,0.2609129,-0.652911842,0.7110771
39079693,0.7583087,1.51680768,-0.929167867,0.347136468,0.1551406,-0.0360698476,0.924189746,40.7554474,20.2122459,3.10562658,0.261716366,-0.652831733,0.710855365
39079704,0.7587293,1.51676321,-0.929319739,0.347055,0.155652329,-0.0363596044,0.924123,40.750164,20.2694016,3.09017,0.262446225,-0.652761936,0.7106504
39079716,0.759017467,1.51674235,-0.929367065,0.3469966,0.156101868,-0.03659607,0.924059749,40.7467422,20.3208256,3.0795126,0.2630975,-0.652716637,0.7104511
39079738,0.7594446,1.51672018,-0.9294554,0.3469913,0.156583786,-0.0368798748,0.9239689,40.75062,20.3757553,3.065679,0.2637631,-0.652767956,0.7101571
39079750,0.759833336,1.51669264,-0.9295826,0.3469143,0.1570158,-0.0370215327,0.923918843,40.7430038,20.4289932,3.066657,0.2644531,-0.6526672,0.709993
39079761,0.7606179,1.51663029,-0.9297607,0.346943527,0.1577797,-0.0373267867,0.9237654,40.7506027,20.52421,3.065996,0.2656023,-0.6527677,0.7094715
39079771,0.7609861,1.51664233,-0.9298458,0.346991837,0.158054665,-0.03752092,0.9236924,40.759716,20.5551453,3.055272,0.265948862,-0.6528882,0.7092308
39079783,0.7612189,1.51658535,-0.9298724,0.3470204,0.158363059,-0.03760745,0.9236253,40.7640038,20.5958271,3.06064057,0.266435146,-0.652944863,0.708996
39079793,0.7615359,1.51649737,-0.9299984,0.3471311,0.158673525,-0.03791744,0.923517764,40.7830353,20.62753,3.03773451,0.266751,-0.653196454,0.7086454
39079805,0.76186806,1.51645613,-0.9300871,0.347086728,0.159045875,-0.038193915,0.923459,40.78254,20.6662216,3.01787519,0.2672315,-0.6531899,0.7084704
39079816,0.7623882,1.51654971,-0.930297136,0.347064942,0.1594037,-0.0384965837,0.9233929,40.7853966,20.7020416,2.99432755,0.267662853,-0.6532276,0.708272755
39079827,0.76268667,1.51652408,-0.9303998,0.34697324,0.1597841,-0.03884597,0.923347,40.7808342,20.7371559,2.963289,0.268115282,-0.6531673,0.708157241
39079839,0.762991846,1.51651025,-0.93046546,0.346904755,0.1601404,-0.03904955,0.9233024,40.77595,20.7766476,2.951923,0.268623054,-0.6531028,0.708024263
39079849,0.763201237,1.5164907,-0.9304447,0.3469052,0.160489246,-0.0392638519,0.923232555,40.7796135,20.8161354,2.94086719,0.2690961,-0.6531512,0.7078
39079861,0.7634293,1.51654983,-0.9305835,0.3470804,0.1608321,-0.0393092148,0.9231051,40.8005447,20.8672924,2.95850658,0.269642979,-0.6534278,0.7073364
39079872,0.763739645,1.51644981,-0.930694342,0.346926779,0.161011621,-0.03926122,0.9231336,40.7804756,20.8919487,2.969849,0.270028949,-0.6531626,0.7074341
39079896,0.764093161,1.51641226,-0.9307786,0.346863925,0.161251709,-0.039163854,0.9231195,40.77,20.9299011,2.99416661,0.270540148,-0.653024137,0.7073666
39079905,0.7644145,1.516371,-0.9307759,0.346965343,0.161422744,-0.0391792841,0.9230508,40.78195,20.95612,3.00442648,0.270815074,-0.653182149,0.707115531
39079917,0.764982939,1.51628852,-0.930776,0.347038269,0.161885366,-0.0396615043,0.9229218,40.79992,21.00031,2.96466541,0.271286964,-0.653419554,0.706715167
39079928,0.7653844,1.516304,-0.9305695,0.347153157,0.161921322,-0.0401046537,0.9228531,40.82345,20.9859982,2.90883279,0.271014273,-0.653730333,0.706532359
39079940,0.7656359,1.51629043,-0.9305434,0.347145855,0.162111431,-0.0405063964,0.922804952,40.8309135,20.9930859,2.863064,0.2710712,-0.6538289,0.7064193
39079950,0.7658976,1.5162859,-0.9304937,0.347239077,0.162077919,-0.04066456,0.9227688,40.8457146,20.9825077,2.84231758,0.270880222,-0.654024363,0.7063115
39079962,0.7661377,1.51628208,-0.9304875,0.3473711,0.1620405,-0.04062825,0.9227273,40.86087,20.9820118,2.849581,0.2708122,-0.654224455,0.7061524
39079973,0.766392946,1.51624727,-0.930474758,0.347293317,0.162118942,-0.04070321,0.9227395,40.8529625,20.9877415,2.84089375,0.27091518,-0.6541201,0.7062096
39079983,0.7666546,1.5162636,-0.930387139,0.347430378,0.1621352,-0.0407717526,0.922682,40.8708839,20.9898453,2.83665133,0.270867765,-0.6543566,0.7060086
39079994,0.766937137,1.51609206,-0.930326343,0.347330362,0.162191316,-0.0410351753,0.9226981,40.864563,20.9823875,2.79990458,0.2708017,-0.6542732,0.7061112
39080006,0.7671831,1.51606858,-0.9302565,0.3471545,0.162258148,-0.04119057,0.9227456,40.84671,20.98014,2.77630019,0.270847,-0.654037535,0.70631206
39080017,0.7675403,1.51597357,-0.9302027,0.347002685,0.162367091,-0.04134082,0.9227768,40.8315125,20.9847889,2.75644159,0.2709664,-0.653836846,0.706452131
39080028,0.7678048,1.51595211,-0.9300873,0.346985966,0.162358373,-0.04150299,0.922777355,40.8331375,20.9750214,2.732946,0.270839334,-0.6538583,0.706481
39080050,0.7680594,1.51597,-0.9299736,0.346980631,0.162390858,-0.0416132659,0.9227687,40.8348541,20.97405,2.71921825,0.2708204,-0.653880954,0.70646733
39080059,0.76816,1.51600838,-0.9298074,0.347009957,0.162424922,-0.04163593,0.922750652,40.8387756,20.9785023,2.71883678,0.270859241,-0.65393275,0.706404448
39080067,0.7683832,1.51595175,-0.929774761,0.347049683,0.16238606,-0.04176831,0.9227366,40.8466,20.967186,2.699656,0.270687759,-0.654036045,0.7063746
39080076,0.768606663,1.51585162,-0.9297031,0.347218,0.162466928,-0.04172343,0.922661,40.8655624,20.9849777,2.71559477,0.270829529,-0.6542864,0.7060883
39080086,0.7689558,1.5159142,-0.929675341,0.3473162,0.162406608,-0.041895546,0.9226269,40.88135,20.96992,2.69160628,0.270579427,-0.654494762,0.7059911
39080095,0.769235432,1.51585948,-0.9295225,0.347370982,0.162386984,-0.04203413,0.9226034,40.8910675,20.9613953,2.67306328,0.2704347,-0.6546229,0.7059277
39080107,0.7694888,1.51581883,-0.929407835,0.347496122,0.162437364,-0.0424447246,0.9225286,40.915062,20.9509125,2.622754,0.2702075,-0.6549395,0.7057211
39080118,0.7697608,1.51585674,-0.929359436,0.3475738,0.162393212,-0.04256274,0.9225017,40.9271278,20.9403954,2.60646272,0.270028621,-0.6550986,0.7056418
39080129,0.7699846,1.515811,-0.929275751,0.347804874,0.16239363,-0.0428117178,0.922403038,40.9604,20.9332352,2.579252,0.2698045,-0.655537248,0.7053202
39080140,0.770223856,1.51574993,-0.929190159,0.348062336,0.162282214,-0.0428752154,0.9223225,40.9930344,20.91987,2.57261419,0.269506574,-0.655967236,0.7050342
39080151,0.770365834,1.51563811,-0.928977847,0.348370284,0.1621511,-0.0429320447,0.9222267,41.0316429,20.9051476,2.56743169,0.269167662,-0.6564757,0.704690337
39080163,0.7705872,1.51557755,-0.9288933,0.348494232,0.162163615,-0.04307608,0.922170937,41.0496864,20.9025249,2.55201817,0.269061625,-0.656713247,0.7045095
39080175,0.770827234,1.51555657,-0.9287598,0.3486735,0.162268177,-0.0433683135,0.9220711,41.0774155,20.9069672,2.522718,0.269002825,-0.657078147,0.7041917
39080185,0.7712042,1.51550281,-0.9286864,0.348656952,0.1622547,-0.0435595475,0.9220707,41.0796967,20.894968,2.494854,0.268845946,-0.6571082,0.7042235
39080206,0.7714944,1.51545739,-0.928495646,0.3487325,0.1623363,-0.0435733,0.9220271,41.08886,20.907793,2.49975681,0.268966079,-0.6572287,0.704065144
39080216,0.77175653,1.515466,-0.92832315,0.348765433,0.16245538,-0.04387046,0.9219796,41.0990868,20.9107113,2.465895,0.2689601,-0.657363236,0.7039418
39080223,0.7719464,1.51545334,-0.928109765,0.348873973,0.16248776,-0.043946255,0.92192924,41.1137238,20.9140415,2.460548,0.268941045,-0.6575557,0.7037693
39080232,0.7722552,1.51540375,-0.9279244,0.348877519,0.162560269,-0.0440414958,0.921910465,41.11607,20.9197788,2.45133376,0.269001842,-0.6575865,0.7037173
39080240,0.7725399,1.51537681,-0.927771568,0.34912312,0.162697956,-0.04423286,0.9217841,41.14946,20.9356117,2.43996453,0.26905936,-0.6580255,0.70328486
39080252,0.7727467,1.51514935,-0.927495837,0.349298149,0.162864313,-0.04438904,0.9216809,41.1735229,20.955761,2.43281555,0.269207835,-0.658341646,0.70293206
39080263,0.772963762,1.51506758,-0.927448153,0.349467427,0.163089469,-0.0445133522,0.921570957,41.1960373,20.9859161,2.43313,0.269485116,-0.6586374,0.7025487
39080274,0.773331,1.51502943,-0.927384138,0.349556535,0.16332078,-0.04474928,0.9214847,41.2113876,21.0094566,2.415685,0.2697104,-0.658839,0.7022731
39080285,0.773645639,1.51498985,-0.9272803,0.349694133,0.1634352,-0.0450118668,0.9213995,41.23348,21.0158329,2.38971281,0.269697458,-0.659129,0.7020059
39080296,0.7739458,1.51494646,-0.9271585,0.34984225,0.1636814,-0.045291625,0.9212858,41.2568855,21.040657,2.368863,0.269904852,-0.659436166,0.7016376
39080308,0.7742275,1.51485872,-0.9270762,0.34990558,0.164100885,-0.04561953,0.92117095,41.270752,21.0861835,2.34804773,0.270404875,-0.6596181,0.701274
39080318,0.7744976,1.51478529,-0.9269291,0.349832177,0.164398655,-0.0460056029,0.921126544,41.26983,21.1079769,2.30811644,0.270675451,-0.6596059,0.701181054
39080330,0.774767935,1.51475024,-0.9268476,0.349901825,0.164779067,-0.04624925,0.9210199,41.2827072,21.1522923,2.297135,0.271164179,-0.6597749,0.700833142
39080341,0.7750562,1.51472449,-0.926731,0.349758565,0.165085509,-0.04655552,0.921004,41.27161,21.1778126,2.26656842,0.271522462,-0.659629345,0.7008314
39080363,0.775385737,1.51462555,-0.9265907,0.349841654,0.165455818,-0.04682087,0.920892537,41.2866554,21.219883,2.25245452,0.271974266,-0.6598267,0.7004704
39080374,0.775731444,1.51461267,-0.9263855,0.349988,0.165776834,-0.0472092256,0.9207594,41.31222,21.25001,2.22054648,0.272235841,-0.6601619,0.700052857
39080386,0.7761855,1.51457393,-0.92611897,0.3501831,0.166559935,-0.047479365,0.920529962,41.33988,21.3543262,2.23198724,0.273393869,-0.6605244,0.699259162
39080397,0.77655226,1.51454735,-0.9259081,0.3502372,0.166847587,-0.04762865,0.920449555,41.3490639,21.3897,2.228661,0.2737869,-0.66064477,0.6989916
39080408,0.7768502,1.51451635,-0.925828,0.350483,0.1671075,-0.047692012,0.92030555,41.3794174,21.4299011,2.242027,0.274149418,-0.661042333,0.6984735
39080419,0.777084768,1.514535,-0.9257672,0.3506663,0.167488,-0.0479738377,0.9201519,41.40693,21.4750271,2.22953224,0.274583161,-0.6614026,0.6979618
39080430,0.77735436,1.51451421,-0.9256853,0.35077697,0.16777128,-0.0484585352,0.9200327,41.4306068,21.49398,2.1810472,0.274713844,-0.661712468,0.697616637
39080442,0.777562141,1.51446319,-0.925627,0.35088113,0.168195754,-0.0488246344,0.9198961,41.45049,21.5393543,2.15666413,0.275181949,-0.6619726,0.6971852
39080453,0.7779075,1.51449275,-0.9255959,0.351003,0.168473423,-0.0492406636,0.9197766,41.47401,21.5612621,2.1178298,0.2753486,-0.6622802,0.696827233
39080464,0.778104246,1.51446867,-0.925590634,0.3509502,0.168698743,-0.0493529923,0.919749439,41.46972,21.5870361,2.112824,0.275680274,-0.6622241,0.6967493
39080475,0.778351247,1.51438534,-0.9255867,0.35094896,0.168907508,-0.0494298339,0.9197075,41.4708481,21.6134243,2.11354256,0.2759963,-0.6622389,0.696610153
39080486,0.778602958,1.51438141,-0.9255538,0.350926876,0.1690521,-0.0494339578,0.9196891,41.4679527,21.6337185,2.1202004,0.276255339,-0.662201047,0.696543455
39080497,0.778753638,1.51435828,-0.925648,0.350914747,0.169329748,-0.0494373,0.9196425,41.4659348,21.6736279,2.13461256,0.2767491,-0.662174642,0.696372569
39080518,0.778808534,1.51432943,-0.9255022,0.3508772,0.169722348,-0.0495660938,0.919577539,41.46348,21.72324,2.13700628,0.2773625,-0.6621425,0.696159
39080528,0.7790783,1.51411486,-0.9254265,0.350662321,0.16996713,-0.04972693,0.9196056,41.44081,21.7455578,2.120973,0.2777307,-0.661846,0.696294248
39080534,0.7793168,1.51410842,-0.925366163,0.350706249,0.170186222,-0.0499213859,0.9195378,41.4500732,21.7685051,2.107334,0.277969837,-0.661967158,0.696083546
39080543,0.7796351,1.51408315,-0.9254129,0.350622684,0.170471147,-0.05004236,0.9195103,41.4421768,21.8017845,2.10337734,0.278408,-0.661863863,0.696006656
39080554,0.7798609,1.51406717,-0.9254041,0.3506386,0.170715526,-0.0501026772,0.9194556,41.4449272,21.8346081,2.10892487,0.278794825,-0.6618998,0.6958176
39080564,0.7800279,1.51403332,-0.9255122,0.350769669,0.170930535,-0.0502027944,0.919360161,41.4625,21.863842,2.1111083,0.279074222,-0.6621297,0.6954868
39080576,0.780297,1.51397467,-0.9255556,0.350833535,0.171068475,-0.0502702929,0.919306457,41.4714241,21.8819618,2.111392,0.2792557,-0.6622464,0.6953028
39080587,0.7805325,1.513984,-0.9255589,0.350914538,0.171211526,-0.0502816178,0.9192483,41.4810867,21.9041023,2.12036586,0.2794827,-0.662372768,0.6950912
39080598,0.7807604,1.51396012,-0.9256375,0.350965,0.171186015,-0.0504489951,0.9192246,41.4910965,21.89302,2.09727383,0.27930513,-0.66250366,0.695037842
39080610,0.780929863,1.5139451,-0.925579667,0.350984931,0.171410576,-0.0506012365,0.9191668,41.4965172,21.9183769,2.08906221,0.279589266,-0.6625745,0.694856
39080620,0.7812045,1.51389158,-0.9255754,0.350944668,0.171476722,-0.05104159,0.919145465,41.5017776,21.9045238,2.029926,0.279398561,-0.662643254,0.694867134
39080632,0.781397462,1.5138731,-0.9256263,0.350941837,0.171679646,-0.0512823835,0.9190953,41.5065956,21.9216633,2.00741267,0.27958563,-0.662706256,0.694731832
39080642,0.7816389,1.51379669,-0.9256593,0.3508613,0.171689525,-0.05139235,0.919118047,41.49946,21.9155827,1.9899528,0.2795427,-0.662613,0.6948381
39080654,0.7819357,1.51382494,-0.925671935,0.35090968,0.1716561,-0.0515689142,0.919095933,41.50945,21.9028168,1.9650625,0.2793448,-0.662743568,0.694793165
39080674,0.782270968,1.51381326,-0.925615668,0.35086596,0.171653,-0.0515567176,0.9191139,41.5039177,21.9019642,1.96515429,0.2793583,-0.662671268,0.694856644
39080683,0.782455742,1.513832,-0.9254912,0.350805342,0.171736464,-0.0517026223,0.9191132,41.49985,21.9052258,1.94739544,0.2794154,-0.6626181,0.6948844
39080690,0.7828207,1.51369977,-0.9254265,0.350731939,0.171775311,-0.05190755,0.919122458,41.4957237,21.8986759,1.91852093,0.2793538,-0.6625641,0.6949607
39080699,0.783177137,1.51369321,-0.92530787,0.350738,0.171987087,-0.05219074,0.919064462,41.502594,21.91515,1.89087021,0.2795239,-0.6626539,0.6948066
39080709,0.7836947,1.51364291,-0.92541337,0.350592047,0.171973869,-0.0524771847,0.919106364,41.49175,21.8951683,1.84537029,0.2793284,-0.6625122,0.695020437
39080721,0.7840512,1.51361966,-0.9254018,0.350449234,0.1720674,-0.0527304336,0.9191288,41.48029,21.8925114,1.81050026,0.2793455,-0.662362337,0.6951563
39080732,0.7844433,1.5135932,-0.9253795,0.350551039,0.172120661,-0.053084746,0.9190596,41.50065,21.8844929,1.76732063,0.27916047,-0.662628531,0.694976866
39080743,0.784764647,1.5135709,-0.925285935,0.3506269,0.172213435,-0.05330112,0.919000745,41.5146179,21.8886738,1.74471414,0.279150963,-0.6628111,0.694806635
39080754,0.7851722,1.513588,-0.925272,0.350733459,0.172307745,-0.053665977,0.9189212,41.53573,21.88617,1.702461,0.279029548,-0.663086951,0.6945922
39080767,0.78556174,1.51355064,-0.9252893,0.350827277,0.1725229,-0.0538726859,0.9188329,41.55141,21.909071,1.6885438,0.279239416,-0.6632918,0.694312155
39080777,0.7860792,1.51353335,-0.9253075,0.350904942,0.1726074,-0.05415415,0.9187708,41.56714,21.9087353,1.6564393,0.279167384,-0.6634972,0.6941448
39080789,0.7865492,1.51347315,-0.9252678,0.350937784,0.172780573,-0.054504592,0.918705,41.5789337,21.9167347,1.61813045,0.2792133,-0.6636512,0.6939791
39080799,0.7869987,1.51343358,-0.9252734,0.351048946,0.172916129,-0.05486342,0.918615639,41.6004143,21.9206181,1.57912445,0.2791674,-0.6639316,0.6937293
39080811,0.7874166,1.5133884,-0.9252068,0.351036668,0.1732289,-0.0550679564,0.9185492,41.6031723,21.9554157,1.567455,0.279576778,-0.6639676,0.69353
39080831,0.7879325,1.51324987,-0.925112247,0.351134062,0.173378289,-0.0553357,0.9184677,41.62088,21.9656734,1.54149389,0.279624224,-0.664198637,0.6932897
39080840,0.7884167,1.513196,-0.925071836,0.351067245,0.17352885,-0.0556006841,0.9184488,41.6187744,21.97247,1.510614,0.279715568,-0.6641712,0.693279
39080849,0.7889839,1.51313162,-0.9250339,0.351009965,0.173692033,-0.0558004,0.9184277,41.6162834,21.9846878,1.48987055,0.279874146,-0.6641387,0.6932462
39080858,0.7895087,1.51306534,-0.9249232,0.350960582,0.17384246,-0.05601503,0.918405056,41.61512,21.99446,1.46659374,0.279997438,-0.664123535,0.693210959
39080866,0.790020168,1.51301575,-0.9248347,0.350797623,0.174037725,-0.05621068,0.9184184,41.5997963,22.00915,1.44474375,0.280241758,-0.663923562,0.693303764
39080877,0.790491,1.51296473,-0.924711466,0.350832671,0.17423968,-0.0563791357,0.918356359,41.60763,22.0307465,1.43353486,0.280468971,-0.6640258,0.6931139
39080888,0.791062653,1.512841,-0.9246204,0.350786537,0.174266845,-0.05665555,0.9183518,41.6085129,22.019453,1.39490652,0.280328542,-0.6640373,0.693159759
39080899,0.7916738,1.51279354,-0.9244244,0.35093385,0.174331725,-0.05684509,0.918271542,41.630558,22.0225334,1.37681735,0.28026998,-0.664324939,0.692907751
39080911,0.79221034,1.51268768,-0.924294,0.35086295,0.174380526,-0.0569469,0.918283045,41.6243439,22.0228,1.36297894,0.28030026,-0.6642439,0.692973256
39080922,0.7928167,1.51264811,-0.9241741,0.350869715,0.17439124,-0.0571384765,0.918266535,41.62962,22.01467,1.33701456,0.280178964,-0.6643127,0.692956269
39080933,0.7933884,1.51257694,-0.9241214,0.350970656,0.174395025,-0.0576111861,0.9181977,41.6528,21.9931984,1.27441978,0.279818565,-0.6646151,0.692811966
39080944,0.793806136,1.51244235,-0.9239147,0.351044536,0.17457135,-0.0580701679,0.918107033,41.6721764,21.9969654,1.22241819,0.279779941,-0.6648677,0.6925852
39080955,0.794425845,1.51231265,-0.9237759,0.3510573,0.174766526,-0.05873758,0.9180226,41.6890564,21.9913521,1.14031112,0.2796387,-0.665087759,0.692430854
39080966,0.7950126,1.51225638,-0.9236429,0.351136059,0.174949571,-0.0592221469,0.917926431,41.7096367,21.99486,1.08523524,0.27959162,-0.6653559,0.692192256
39081003,0.7957803,1.512195,-0.9235462,0.351116419,0.174961358,-0.05957466,0.9179089,41.7155037,21.9779549,1.03592,0.2793619,-0.665432334,0.692211568
39081012,0.7964442,1.51217818,-0.923440933,0.351006836,0.1750283,-0.0598935969,0.917917252,41.70969,21.9688282,0.9914684,0.279276848,-0.665356636,0.6923186
39081022,0.7986247,1.51188731,-0.9227272,0.351208866,0.17561239,-0.06055257,0.917685151,41.74879,22.0246258,0.938256145,0.279780567,-0.6658659,0.691625237
39081034,0.7992121,1.51177108,-0.9227394,0.351313263,0.175986722,-0.0609597154,0.9175465,41.7705154,22.0606136,0.90548414,0.280120075,-0.6661487,0.691215336
39081044,0.799933553,1.51164651,-0.922603,0.35143292,0.176195234,-0.06138228,0.917432547,41.7946243,22.0719032,0.861800432,0.28015098,-0.666462541,0.690900266
39081056,0.8006584,1.51146913,-0.922450542,0.351377845,0.176486626,-0.0618125759,0.9173687,41.7978325,22.0910244,0.8160116,0.280367464,-0.666504264,0.6907722
39081067,0.8013146,1.51135468,-0.9223814,0.3515566,0.176730335,-0.0621499754,0.9172305,41.8270569,22.11317,0.7881309,0.280506432,-0.6668844,0.6903487
39081078,0.8020998,1.51122522,-0.9222686,0.351688176,0.177060738,-0.0625867,0.9170866,41.8528862,22.1418076,0.7496588,0.280738056,-0.6672203,0.689929843
39081089,0.802814662,1.51114976,-0.922136068,0.351750344,0.1774957,-0.06299362,0.9169508,41.8696136,22.1857548,0.718979955,0.2811936,-0.667437732,0.689533949
39081100,0.8034962,1.51104474,-0.9220576,0.351842463,0.177828982,-0.0632994547,0.9168298,41.8876648,22.2207279,0.697760165,0.28153494,-0.6676723,0.6891675
39081112,0.804233432,1.51095462,-0.9218569,0.352101415,0.1781088,-0.0635051057,0.9166619,41.9234848,22.2567978,0.6930208,0.281810641,-0.66813755,0.6886037
39081123,0.804990768,1.51075172,-0.9216639,0.352102727,0.178413749,-0.063868776,0.9165768,41.93203,22.2826157,0.6591751,0.282083064,-0.668248534,0.6883844
39081144,0.80576396,1.510579,-0.9214481,0.352187753,0.178758845,-0.0640890747,0.9164615,41.94724,22.3236351,0.6504234,0.282508433,-0.668446,0.688018143
39081153,0.8064804,1.51041889,-0.9212338,0.352206141,0.179014862,-0.0644623,0.9163783,41.9581451,22.3421688,0.613052845,0.282682627,-0.668587565,0.68780905
39081162,0.807210743,1.51034665,-0.921078563,0.352254659,0.179337576,-0.06490085,0.9162656,41.974205,22.3677578,0.5712484,0.282918453,-0.668795943,0.687509358
39081172,0.8080336,1.51025438,-0.920796037,0.352502257,0.1796668,-0.0652264059,0.91608274,42.0115623,22.4046154,0.5521641,0.283194423,-0.6692805,0.686924
39081181,0.8089464,1.51017582,-0.920704842,0.352778226,0.179979071,-0.06548712,0.9158966,42.05081,22.4430141,0.5421813,0.283479571,-0.6697894,0.6863101
39081193,0.8097122,1.51008189,-0.9205643,0.352894634,0.1804213,-0.06563876,0.9157539,42.0681877,22.502634,0.5496596,0.284115851,-0.67001456,0.6858271
39081202,0.8105712,1.51002443,-0.9202806,0.3531391,0.180805743,-0.06595031,0.915561438,42.1048546,22.5483322,0.5356526,0.284498274,-0.6704895,0.685204148
39081213,0.8114204,1.50996,-0.9200947,0.353156984,0.181242421,-0.066121906,0.9154558,42.1108742,22.6039333,0.536835968,0.285136,-0.6705674,0.6848627
39081224,0.8122544,1.509814,-0.91985786,0.352956563,0.181713149,-0.06646078,0.9154152,42.0946426,22.650898,0.509254456,0.285770446,-0.6703572,0.684803963
39081235,0.813069642,1.50973082,-0.919623733,0.352750242,0.182197452,-0.06658,0.915389836,42.072422,22.7111835,0.5130754,0.286591172,-0.6700694,0.6847427
39081246,0.813892961,1.50966573,-0.919346333,0.352498233,0.1826489,-0.06673248,0.915385842,42.045536,22.7638664,0.50883013,0.28734228,-0.669721,0.684768736
39081257,0.814753056,1.50965714,-0.9190961,0.3523679,0.183130115,-0.06681819,0.9153336,42.0316658,22.8271351,0.5196415,0.288161159,-0.66954124,0.6846004
39081268,0.815559268,1.50956726,-0.9189563,0.352050632,0.183703586,-0.06668334,0.9153506,41.9898949,22.9111423,0.5603268,0.289354563,-0.6689995,0.6846267
39081280,0.816448748,1.50949717,-0.9186994,0.351725429,0.184189275,-0.06648222,0.915392637,41.94557,22.98544,0.604985952,0.290444046,-0.668424368,0.6847271
39081301,0.8173822,1.50935006,-0.9184189,0.351596117,0.1847871,-0.066412814,0.9153269,41.9279251,23.073782,0.6439855,0.2915802,-0.668195248,0.6844678
39081310,0.8181931,1.50927711,-0.918336868,0.351441175,0.1854742,-0.0664033443,0.9152481,41.908577,23.1715164,0.6787071,0.29283607,-0.667943954,0.684176862
39081320,0.8190924,1.50920653,-0.9180124,0.351317346,0.186195686,-0.0663173944,0.915155351,41.8910255,23.2789288,0.7270618,0.294199049,-0.667715967,0.6838146
39081329,0.8200516,1.50901222,-0.917808652,0.351106,0.186902329,-0.0661612749,0.915103734,41.8611832,23.3857021,0.7813544,0.295610815,-0.6673282,0.6835842
39081338,0.8210355,1.508938,-0.9175066,0.350986838,0.187864974,-0.06602976,0.9149618,41.8427467,23.530859,0.8496366,0.297427416,-0.667088449,0.68303
39081349,0.8221139,1.50886893,-0.9172262,0.3508184,0.188768536,-0.06593199,0.9148475,41.8192177,23.6644,0.908119,0.299128532,-0.666782439,0.6825858
39081358,0.823213458,1.508647,-0.9168782,0.3505981,0.18979682,-0.06576978,0.914730847,41.787632,23.8182354,0.980683148,0.3011085,-0.6663715,0.68211627
39081369,0.8243153,1.50857091,-0.9165063,0.350308537,0.190750465,-0.06549075,0.914663434,41.7447739,23.9653225,1.06278586,0.303061,-0.6658136,0.6817964
39081380,0.825475335,1.50848949,-0.9161465,0.3501613,0.1916827,-0.06508969,0.9145536,41.7157555,24.1188335,1.16553915,0.305024415,-0.6654357,0.6812896
39081392,0.826612353,1.50840831,-0.915819645,0.34975785,0.192752689,-0.06494856,0.9144931,41.6624031,24.272871,1.23052824,0.307109475,-0.664740264,0.6810317
39081406,0.8278572,1.50837255,-0.915327549,0.349617332,0.193828374,-0.064864926,0.914325356,41.6419373,24.4312115,1.29706323,0.3090886,-0.664473355,0.680396557
39081418,0.8289925,1.50827289,-0.9149041,0.349333584,0.1949746,-0.06473571,0.9141993,41.6029472,24.5985451,1.36858785,0.311262578,-0.6639647,0.6799019
39081430,0.830233037,1.50822282,-0.9144969,0.349000484,0.196152836,-0.06455902,0.914086938,41.5566635,24.7715912,1.44650233,0.3135392,-0.6633604,0.679445446
39081450,0.831499338,1.50810838,-0.9141439,0.348710835,0.197242782,-0.0643236563,0.91397953,41.5140648,24.935627,1.52903068,0.315691,-0.6628039,0.6789921
39081460,0.8328241,1.50801373,-0.913776755,0.3483207,0.1984355,-0.0643273145,0.913869858,41.4655151,25.0999718,1.58023453,0.3178754,-0.662169158,0.6785921
39081469,0.835305333,1.50785184,-0.9131427,0.347694665,0.20101136,-0.0645800158,0.9135274,41.3929749,25.4479218,1.66443551,0.322350532,-0.6612199,0.6774057
39081480,0.836573839,1.50776815,-0.912783146,0.347466052,0.202287078,-0.06484749,0.913313866,41.370594,25.6152058,1.689345,0.3244386,-0.660926759,0.6766946
39081492,0.837846756,1.50768614,-0.9124155,0.347277462,0.203589484,-0.06514411,0.91307503,41.3537445,25.7859974,1.71316123,0.3265388,-0.6607061,0.6758994
39081502,0.8390954,1.50757837,-0.9121071,0.3469864,0.204793721,-0.06520802,0.912911832,41.318512,25.951252,1.75968921,0.328664631,-0.660244346,0.6753199
39081514,0.840217054,1.507496,-0.911597848,0.34661597,0.206002146,-0.0651421,0.912785351,41.270195,26.121336,1.82114089,0.3309129,-0.6596108,0.674841
39081525,0.8415243,1.5073415,-0.911152,0.345953643,0.207166821,-0.06511861,0.9127747,41.1883354,26.2749,1.8628329,0.3331372,-0.658536255,0.674796
39081537,0.8427998,1.50731492,-0.9106779,0.345399171,0.208311677,-0.0651061162,0.912725031,41.11965,26.42775,1.9058094,0.335287362,-0.657633662,0.67461133
39081547,0.843946338,1.50721335,-0.910145164,0.344695657,0.209485352,-0.06489508,0.91273737,41.02759,26.5902729,1.97150826,0.3376721,-0.6564224,0.674601555
39081559,0.845196962,1.50715041,-0.909701347,0.3439746,0.210638642,-0.0649301857,0.9127415,40.94038,26.7370739,2.00128531,0.339848578,-0.6552733,0.6746257
39081570,0.8464337,1.50708807,-0.90920496,0.3433649,0.211765274,-0.06485563,0.9127156,40.8633575,26.8881874,2.048709,0.342024654,-0.6542573,0.674512
39081583,0.8477127,1.50697589,-0.90875113,0.342743933,0.212868288,-0.06499491,0.912682533,40.7911377,27.02503,2.06489015,0.344009131,-0.6533035,0.6744274
39081610,0.8488991,1.50691593,-0.908342242,0.3421415,0.214019984,-0.06497599,0.9126406,40.7165031,27.17696,2.10581064,0.346184671,-0.652316749,0.674269259
39081622,0.850129962,1.50671875,-0.9079157,0.341569752,0.215057671,-0.06504449,0.912605941,40.64828,27.3087959,2.12962222,0.348091364,-0.6514138,0.6741606
39081633,0.8527102,1.50647509,-0.9072554,0.3408952,0.216996789,-0.06519664,0.912388265,40.5681839,27.5647182,2.18614125,0.3515202,-0.6503525,0.6734057
39081642,0.853862,1.50624347,-0.9069632,0.3407333,0.217851147,-0.06525148,0.9122412,40.54855,27.6817837,2.218028,0.352998883,-0.6500921,0.6728834
39081652,0.8550495,1.50602865,-0.906605363,0.340601176,0.218651056,-0.06537881,0.91209,40.5346756,27.7883148,2.23830175,0.354322672,-0.6499081,0.6723651
