"timestamp","x_pos","y_pos","z_pos","quat_x","quat_y","quat_z","quat_w","roll","yaw","pitch","forward_x","forward_y","forward_z"
44230977,0.344601452,0.8296657,-0.6886925,-2.51021426E-13,0.857067645,1.80966353E-13,0.5152038,-3.25930082E-11,117.977844,-1.39696085E-11,0.883128941,5.688552E-13,-0.46912992
44230988,0.343045145,0.8307816,-0.693876565,-2.50577337E-13,0.8542804,1.747491E-13,0.5198125,-3.20326925E-11,117.360657,-1.41207185E-11,0.8881313,5.59075952E-13,-0.459590077
44230999,0.341058165,0.831403852,-0.698870242,-2.53019827E-13,0.852149546,1.75859327E-13,0.523298442,-3.23449947E-11,116.892471,-1.41616606E-11,0.8918571,5.6452667E-13,-0.4523177
44231011,0.3392083,0.8312173,-0.703651667,-2.549072E-13,0.8492751,1.73638881E-13,0.527950466,-3.23200459E-11,116.265831,-1.43025912E-11,0.8967504,5.640911E-13,-0.442536473
44231022,0.337848276,0.8303319,-0.7082535,-2.47024623E-13,0.8471097,1.727507E-13,0.5314181,-3.18120079E-11,115.797363,-1.34592476E-11,0.9003388,5.55224269E-13,-0.4351896
44231033,0.337105751,0.8292596,-0.7127787,-2.51021426E-13,0.846003652,1.74971149E-13,0.533177137,-3.22993646E-11,115.559265,-1.36449246E-11,0.9021396,5.63730269E-13,-0.4314444
44231044,0.337175816,0.827882946,-0.7170513,-2.549072E-13,0.845445752,1.75859327E-13,0.5340613,-3.26374656E-11,115.439461,-1.393325E-11,0.903039753,5.696312E-13,-0.429557085
44231055,0.337670833,0.8265054,-0.721176,-2.52575738E-13,0.845930338,1.771916E-13,0.533293545,-3.26114621E-11,115.543488,-1.36554552E-11,0.9022584,5.691775E-13,-0.431196332
44231067,0.338743865,0.825375,-0.72503674,-2.52020627E-13,0.846209049,1.77857729E-13,0.5328511,-3.26350232E-11,115.603409,-1.35780059E-11,0.901806831,5.695886E-13,-0.432139516
44231078,0.3398338,0.824655533,-0.728699267,-2.45692355E-13,0.847225964,1.74527059E-13,0.531232655,-3.19004163E-11,115.822441,-1.32287315E-11,0.9001482,5.567673E-13,-0.4355837
44231089,0.340793759,0.8243999,-0.7321119,-2.483569E-13,0.847916663,1.78301818E-13,0.530129552,-3.241181E-11,115.971588,-1.32998265E-11,0.8990114,5.656928E-13,-0.437925339
44231100,0.341678172,0.8243138,-0.7349379,-2.543521E-13,0.8486675,1.77635684E-13,0.5289268,-3.26915127E-11,116.134064,-1.39691782E-11,0.897765934,5.705745E-13,-0.44047308
44231111,0.342379659,0.824063361,-0.7374423,-2.449152E-13,0.849280655,1.79634085E-13,0.527941644,-3.22988546E-11,116.267036,-1.2967803E-11,0.8967413,5.637214E-13,-0.4425553
44231122,0.3427169,0.8238456,-0.739495456,-2.483569E-13,0.8492808,1.78079773E-13,0.527941644,-3.23558E-11,116.267036,-1.33967819E-11,0.8967414,5.647154E-13,-0.442555666
44231134,0.342576265,0.8236648,-0.7410224,-2.499112E-13,0.848478436,1.75637282E-13,0.52923,-3.2232883E-11,116.093109,-1.36469091E-11,0.898080468,5.625699E-13,-0.439831257
44231145,0.342217118,0.8237433,-0.74217397,-2.49800181E-13,0.8468955,1.72306613E-13,0.5317593,-3.19434618E-11,115.75119,-1.37428506E-11,0.9006892,5.5751855E-13,-0.434463978
44231156,0.341913521,0.8241718,-0.7431409,-2.50133247E-13,0.8454921,1.727507E-13,0.5339879,-3.20429482E-11,115.4494,-1.36637732E-11,0.902965069,5.59254954E-13,-0.429713845
44231167,0.3418924,0.8250808,-0.7438151,-2.43582932E-13,0.8445178,1.74527059E-13,0.535527468,-3.18377269E-11,115.240616,-1.28624542E-11,0.904525,5.55673129E-13,-0.4264207
44231178,0.342203826,0.8265518,-0.7442781,-2.41806575E-13,0.843753338,1.771916E-13,0.5367312,-3.20044061E-11,115.077217,-1.24814091E-11,0.90573746,5.5858226E-13,-0.42383945
44231190,0.343042344,0.8286178,-0.7442882,-2.41362486E-13,0.843273461,1.72528658E-13,0.5374847,-3.15376059E-11,114.974846,-1.26970968E-11,0.9064932,5.504349E-13,-0.42222023
44231201,0.3442919,0.830720544,-0.744205236,-2.40585329E-13,0.843480051,1.751932E-13,0.537160635,-3.174242E-11,115.018883,-1.24700857E-11,0.9061686,5.54009854E-13,-0.422917247
44231213,0.345968038,0.8324835,-0.7436962,-2.3725466E-13,0.8437214,1.751932E-13,0.536781549,-3.153194E-11,115.070381,-1.21623267E-11,0.9057881,5.50336361E-13,-0.423731565
44231224,0.347950131,0.833857536,-0.7427784,-2.394751E-13,0.844648063,1.7164048E-13,0.535322,-3.1303217E-11,115.2685,-1.26496773E-11,0.9043174,5.463442E-13,-0.4268607
44231235,0.3498373,0.835300744,-0.7416686,-2.46802578E-13,0.8456553,1.76081372E-13,0.5337294,-3.215782E-11,115.484444,-1.31471023E-11,0.902702153,5.6125986E-13,-0.4302659
44231246,0.351448983,0.837176442,-0.740508556,-2.49134047E-13,0.8454127,1.76303416E-13,0.5341139,-3.2328E-11,115.432327,-1.3344755E-11,0.9030933,5.642302E-13,-0.429445148
44231256,0.352484345,0.840031862,-0.73953104,-2.48689958E-13,0.8446883,1.73860926E-13,0.535258651,-3.20824E-11,115.277092,-1.34077758E-11,0.9042534,5.599435E-13,-0.4269966
44231268,0.35309726,0.843854666,-0.7384571,-2.46802578E-13,0.842680156,1.7164048E-13,0.5384145,-3.18014642E-11,114.848457,-1.32424193E-11,0.907422364,5.550402E-13,-0.42021966
44231279,0.3535944,0.8480979,-0.73735255,-2.44693155E-13,0.8408241,1.74527059E-13,0.5413084,-3.199408E-11,114.4545,-1.27507111E-11,0.91029036,5.58402066E-13,-0.41397047
44231290,0.354377657,0.8520426,-0.736021638,-2.424727E-13,0.839118838,1.74527059E-13,0.5439481,-3.18955938E-11,114.094376,-1.24365943E-11,0.9128742,5.56683063E-13,-0.4082408
44231301,0.355617285,0.8556548,-0.734321654,-2.48134846E-13,0.8379543,1.74527059E-13,0.5457404,-3.22761956E-11,113.849449,-1.29120846E-11,0.914611042,5.63325862E-13,-0.404334784
44231312,0.357183367,0.859328568,-0.732659161,-2.463585E-13,0.8376796,1.76525461E-13,0.5461621,-3.23633377E-11,113.791779,-1.26002524E-11,0.9150178,5.648469E-13,-0.403414249
44231323,0.3592315,0.8640439,-0.7311992,-2.45581333E-13,0.837841,1.727507E-13,0.5459144,-3.19485861E-11,113.825661,-1.27713447E-11,0.914778948,5.57608E-13,-0.403954983
44231335,0.361275375,0.8696102,-0.730104566,-2.45581333E-13,0.838616431,1.747491E-13,0.544722557,-3.212243E-11,113.988594,-1.26920176E-11,0.913626552,5.60642353E-13,-0.406555057
44231346,0.363105834,0.876130641,-0.729245,-2.46802578E-13,0.837735653,1.747491E-13,0.546076,-3.221931E-11,113.803558,-1.27573672E-11,0.9149347,5.62333058E-13,-0.403602
44231358,0.36484316,0.8829183,-0.728331149,-2.44138043E-13,0.836212456,1.72084569E-13,0.548405766,-3.18319156E-11,113.484581,-1.25797567E-11,0.9171675,5.55572E-13,-0.3985026
44231371,0.366995126,0.889816165,-0.72732836,-2.429168E-13,0.835440338,1.7408297E-13,0.5495811,-3.19639974E-11,113.323441,-1.22922124E-11,0.9182845,5.578769E-13,-0.3959211
44231382,0.369944632,0.8963214,-0.726097167,-2.39808173E-13,0.8359456,1.7408297E-13,0.548812449,-3.17571733E-11,113.428841,-1.20238255E-11,0.917554736,5.54267244E-13,-0.397610068
44231391,0.373377651,0.902367,-0.7247494,-2.3725466E-13,0.837643,1.72528658E-13,0.546218038,-3.14107178E-11,113.784126,-1.197441E-11,0.9150715,5.48220432E-13,-0.4032917
44231403,0.3769077,0.9081918,-0.7235269,-2.37032616E-13,0.8388786,1.747491E-13,0.544318557,-3.15831042E-11,114.043777,-1.18857129E-11,0.913234353,5.512291E-13,-0.407434464
44231414,0.379715025,0.9140795,-0.7225022,-2.39364084E-13,0.8402378,1.74527059E-13,0.542218,-3.1676755E-11,114.330482,-1.22029739E-11,0.9111842,5.52863528E-13,-0.4119991
44231424,0.381302267,0.9202119,-0.721679,-2.34701147E-13,0.839606464,1.747491E-13,0.5431953,-3.14220421E-11,114.197159,-1.170366E-11,0.9121406,5.484181E-13,-0.409878016
44231436,0.382224351,0.9265594,-0.721111655,-2.39364084E-13,0.8369811,1.76081372E-13,0.547231853,-3.18982167E-11,113.645378,-1.19159023E-11,0.9160454,5.56728871E-13,-0.401074767
44231446,0.382526249,0.933174133,-0.720899463,-2.459144E-13,0.834197938,1.707523E-13,0.5514653,-3.18626965E-11,113.064812,-1.27170626E-11,0.920062363,5.56109E-13,-0.3917724
44231457,0.383479983,0.940152,-0.720612466,-2.45803378E-13,0.830693066,1.67865721E-13,0.5567307,-3.16606359E-11,112.34,-1.2688856E-11,0.924944639,5.5258234E-13,-0.380101919
44231469,0.3855752,0.947511256,-0.7201149,-2.50022225E-13,0.8302604,1.72084569E-13,0.557375848,-3.234133E-11,112.250977,-1.27961834E-11,0.9255342,5.644627E-13,-0.3786646
44231481,0.38887015,0.9548869,-0.7193994,-2.52464716E-13,0.8318394,1.7164048E-13,0.5550166,-3.24178843E-11,112.576294,-1.31490114E-11,0.9233693,5.657988E-13,-0.383913517
44231491,0.393111765,0.9623477,-0.7184846,-2.464695E-13,0.8335905,1.75415238E-13,0.552383,-3.23572245E-11,112.938705,-1.24398573E-11,0.920922458,5.647401E-13,-0.3897463
44231502,0.3974442,0.969805062,-0.71790427,-2.46247467E-13,0.8368756,1.771916E-13,0.547393,-3.24387531E-11,113.6233,-1.25002274E-11,0.916199744,5.661629E-13,-0.40072155
44231513,0.4009408,0.9771558,-0.717436731,-2.52131649E-13,0.83856374,1.747491E-13,0.5448036,-3.25326E-11,113.977516,-1.33183473E-11,0.9137051,5.67801E-13,-0.406378269
44231525,0.403212249,0.98451525,-0.717343,-2.51576537E-13,0.838173,1.78079773E-13,0.5454046,-3.282735E-11,113.89537,-1.30335421E-11,0.9142868,5.72945337E-13,-0.405067921
44231536,0.404997081,0.991752565,-0.71751225,-2.503553E-13,0.836632431,1.75637282E-13,0.5477646,-3.25531338E-11,113.572411,-1.29772061E-11,0.9165553,5.68159235E-13,-0.3999076
44231547,0.4070382,0.998844147,-0.7177853,-2.5168756E-13,0.8356942,1.73194792E-13,0.5491951,-3.24252257E-11,113.376381,-1.32027913E-11,0.9179183,5.659269E-13,-0.396769524
44231558,0.41017288,1.00583518,-0.7178777,-2.553513E-13,0.836216748,1.7696955E-13,0.548399031,-3.30045852E-11,113.4855,-1.33475227E-11,0.9171609,5.76038566E-13,-0.3985169
44231569,0.414361119,1.01253247,-0.717748642,-2.48245868E-13,0.838543653,1.77857729E-13,0.544834554,-3.25892E-11,113.973289,-1.27496807E-11,0.9137351,5.68788831E-13,-0.406310916
44231580,0.41920495,1.01904523,-0.7174872,-2.56128452E-13,0.84178865,1.81632487E-13,0.5398073,-3.336404E-11,114.658958,-1.3471323E-11,0.908807337,5.82312356E-13,-0.4172163
44231592,0.42430228,1.02557564,-0.717465,-2.48912E-13,0.844828546,1.80522264E-13,0.53503716,-3.27373822E-11,115.307144,-1.3029273E-11,0.9040293,5.713751E-13,-0.427470565
44231604,0.4291369,1.03241539,-0.717884243,-2.49578136E-13,0.8480749,1.84074977E-13,0.5298763,-3.3043044E-11,116.005806,-1.30776475E-11,0.8987496,5.767098E-13,-0.438462138
44231620,0.430664837,1.03547025,-0.7183335,-2.39808173E-13,0.850104153,1.87849736E-13,0.5266146,-3.27707028E-11,116.446,-1.20249531E-11,0.8953545,5.71956653E-13,-0.4453541
44231631,0.432640254,1.03932047,-0.7186651,-2.3625546E-13,0.8507961,1.88737914E-13,0.525496,-3.26275153E-11,116.596725,-1.16681951E-11,0.8941799,5.69457567E-13,-0.447708
44231642,0.43575263,1.04433417,-0.7189498,-2.31703545E-13,0.851743758,1.92068583E-13,0.5239586,-3.26581678E-11,116.80368,-1.10828421E-11,0.892556965,5.69992567E-13,-0.4509349
44231654,0.4396383,1.049079,-0.719149649,-2.300382E-13,0.8533126,1.95399252E-13,0.521399856,-3.285093E-11,117.147606,-1.08189725E-11,0.889834166,5.73357063E-13,-0.456284881
44231670,0.44766593,1.05600691,-0.7186599,-2.25819363E-13,0.8552522,1.96287431E-13,0.518212,-3.26468574E-11,117.575218,-1.04752734E-11,0.8864039,5.69795133E-13,-0.462912679
44231693,0.452052236,1.05819678,-0.718616664,-2.19102514E-13,0.8602062,1.93511873E-13,0.509946346,-3.18783E-11,118.679482,-1.02894819E-11,0.877318,5.563813E-13,-0.47990942
44231716,0.454261243,1.05954134,-0.7189989,-2.16660023E-13,0.863086045,1.95732319E-13,0.505057037,-3.189765E-11,119.329727,-1.01001282E-11,0.8718154,5.56719E-13,-0.489835024
44231737,0.455544382,1.05994344,-0.7192553,-2.13384865E-13,0.8637641,1.931788E-13,0.503896534,-3.14421857E-11,119.483749,-9.966263E-12,0.8704955,5.48769634E-13,-0.4921769
44231748,0.457997382,1.06039274,-0.719611943,-2.19491092E-13,0.86531204,1.96953565E-13,0.5012337,-3.213636E-11,119.836693,-1.04517254E-11,0.8674471,5.60885268E-13,-0.497529864
44231759,0.461833984,1.06099284,-0.719988644,-2.10664819E-13,0.867111862,1.98507877E-13,0.4981136,-3.174914E-11,120.249458,-9.601681E-12,0.8638404,5.54127057E-13,-0.503765941
44231770,0.466435075,1.0606395,-0.7202406,-2.07667217E-13,0.868753135,1.96453964E-13,0.495245546,-3.13426542E-11,120.62812,-9.524688E-12,0.8604922,5.470325E-13,-0.509464
44231781,0.471227467,1.05998623,-0.7203619,-2.14328555E-13,0.870333433,1.98840944E-13,0.492462933,-3.19259862E-11,120.99482,-1.01545907E-11,0.8572139,5.57213563E-13,-0.5149605
44231792,0.475785434,1.05906117,-0.720388651,-2.11775042E-13,0.871768,2.00339745E-13,0.489918917,-3.19025639E-11,121.3295,-9.908557E-12,0.854191244,5.56804765E-13,-0.519958854
44231804,0.4801982,1.057766,-0.720521331,-2.12357909E-13,0.8730916,2.04058992E-13,0.4875565,-3.22802826E-11,121.639793,-9.845432E-12,0.851362944,5.633973E-13,-0.524577856
44231815,0.4845915,1.05640042,-0.720867038,-2.11636264E-13,0.874594569,2.008671E-13,0.484855115,-3.18897062E-11,121.994049,-1.00501924E-11,0.8481033,5.565804E-13,-0.5298313
44231827,0.489091873,1.05534959,-0.721278131,-2.0927704E-13,0.8764691,1.96037631E-13,0.481458247,-3.123526E-11,122.438629,-1.02033373E-11,0.843966544,5.45158157E-13,-0.536396
44231838,0.4938273,1.054235,-0.7218155,-2.07465989E-13,0.8785027,1.96787031E-13,0.477737457,-3.11680126E-11,122.92453,-1.01123493E-11,0.8393873,5.43984454E-13,-0.54353404
44231850,0.498768151,1.05261707,-0.7223064,2.09726334E-13,-0.880721748,-1.99899125E-13,-0.473634273,-3.15572568E-11,123.459084,-1.03168446E-11,0.83428,5.507782E-13,-0.551341653
44231864,0.500825047,1.05141807,-0.7223372,2.05856165E-13,-0.882600546,-2.03753681E-13,-0.4701237,-3.16972837E-11,123.915344,-9.843339E-12,0.8298629,5.53221965E-13,-0.5579674
44231875,0.5030408,1.04959011,-0.72241503,2.07250883E-13,-0.8830378,-2.00006678E-13,-0.469302118,-3.13839545E-11,124.022,-1.021547E-11,0.82882303,5.47753466E-13,-0.559511542
44231883,0.503093839,1.04959011,-0.7224816,2.08243145E-13,-0.882252932,-1.99298911E-13,-0.4707758,-3.138295E-11,123.830673,-1.0301553E-11,0.8306867,5.477358E-13,-0.5567405
44231893,0.5073412,1.04556286,-0.7227202,2.08891932E-13,-0.881189644,-2.01214045E-13,-0.472763032,-3.163462E-11,123.572395,-1.0192556E-11,0.833187759,5.521282E-13,-0.552990437
44231904,0.511737764,1.04166925,-0.7229682,2.10585022E-13,-0.88082546,-2.00641587E-13,-0.4734414,-3.16765225E-11,123.484169,-1.03701457E-11,0.834038436,5.52859733E-13,-0.551707
44231915,0.5161553,1.0387969,-0.7232168,2.14623458E-13,-0.8809576,-1.99826267E-13,-0.473195285,-3.18103044E-11,123.51619,-1.08308865E-11,0.83373,5.55194562E-13,-0.552172542
44231926,0.521143138,1.0369885,-0.723641038,2.12649343E-13,-0.8818546,-2.00783834E-13,-0.471521527,-3.177978E-11,123.733795,-1.06400427E-11,0.831626832,5.546618E-13,-0.555335045
44231938,0.5273883,1.03621221,-0.7243884,2.21211938E-13,-0.8840581,-2.03725925E-13,-0.4673772,-3.24861249E-11,124.271645,-1.14989589E-11,0.8263772,5.669899E-13,-0.5631175
44231949,0.533962,1.03544557,-0.725211,2.16687779E-13,-0.887797356,-2.01394457E-13,-0.460234761,-3.19165736E-11,125.195496,-1.14231853E-11,0.8171904,5.570494E-13,-0.576368332
44231961,0.5407983,1.03437209,-0.726213932,2.1793678E-13,-0.8902941,-2.03337347E-13,-0.455386162,-3.21171978E-11,125.820435,-1.16231131E-11,0.8108552,5.60550846E-13,-0.58524704
44231972,0.547255039,1.03311753,-0.727095962,2.19324559E-13,-0.8929559,-2.01394457E-13,-0.450144142,-3.19210873E-11,126.494133,-1.20539585E-11,0.8039177,5.571281E-13,-0.5947405
44231982,0.552873969,1.03175116,-0.7277924,2.145506E-13,-0.894803345,-2.03059791E-13,-0.446460783,-3.179766E-11,126.966331,-1.16106846E-11,0.7989892,5.54974035E-13,-0.601346
44231993,0.557577968,1.03050017,-0.72832644,2.08166817E-13,-0.8954799,-2.03392858E-13,-0.445102155,-3.14885756E-11,127.140259,-1.09868772E-11,0.7971601,5.495794E-13,-0.6037686
44232005,0.5619867,1.02929449,-0.7288326,2.10609308E-13,-0.8960746,-2.0106139E-13,-0.443903625,-3.13586969E-11,127.293571,-1.13983944E-11,0.7955415,5.473125E-13,-0.605899334
44232016,0.5666243,1.02818942,-0.7294369,2.036149E-13,-0.8965951,-2.02282635E-13,-0.442851484,-3.11158148E-11,127.428093,-1.06546013E-11,0.794117,5.43073561E-13,-0.6077657
44232028,0.5719081,1.02712643,-0.73006475,2.071121E-13,-0.897444665,-2.05058193E-13,-0.4411272,-3.15575031E-11,127.648354,-1.09337409E-11,0.7917745,5.50782347E-13,-0.610813856
44232040,0.577703834,1.02607632,-0.730638,2.02837747E-13,-0.8992063,-2.03725925E-13,-0.437525034,-3.11618266E-11,128.107849,-1.06865532E-11,0.7868505,5.43876467E-13,-0.617143869
44232052,0.580574334,1.02545512,-0.7306626,2.05835349E-13,-0.901094139,-2.08277839E-13,-0.433623523,-3.17341847E-11,128.604523,-1.090486E-11,0.781471252,5.53866E-13,-0.6239413
44232061,0.5804228,1.02545512,-0.730353057,2.08832951E-13,-0.9035162,-2.09610107E-13,-0.428554118,-3.195756E-11,129.248322,-1.132791E-11,0.774411142,5.57764663E-13,-0.6326829
44232072,0.58647877,1.023891,-0.730628967,2.11386464E-13,-0.905205369,-2.10942375E-13,-0.42497468,-3.21750161E-11,129.701874,-1.16543025E-11,0.7693787,5.6156013E-13,-0.638793468
44232083,0.592749655,1.02228189,-0.7309411,1.99062988E-13,-0.9058138,-2.12496687E-13,-0.423675954,-3.17213131E-11,129.866226,-1.03458154E-11,0.7675431,5.536413E-13,-0.6409973
44232094,0.5979048,1.02120364,-0.730923653,1.94511074E-13,-0.9066771,-2.14273044E-13,-0.4218253,-3.166465E-11,130.10025,-9.851775E-12,0.7649187,5.526523E-13,-0.6441268
44232105,0.602283657,1.02037776,-0.7307674,1.93733918E-13,-0.9077583,-2.09610107E-13,-0.419493616,-3.11168175E-11,130.39476,-1.00764327E-11,0.761597633,5.430909E-13,-0.6480502
44232117,0.6061455,1.01976037,-0.7304214,1.91957561E-13,-0.9088093,-2.08721929E-13,-0.4172117,-3.09139866E-11,130.682648,-1.00120459E-11,0.7583318,5.39550772E-13,-0.6518687
44232128,0.6095144,1.01936579,-0.7297758,1.9095836E-13,-0.9097272,-2.14495088E-13,-0.415206581,-3.14461235E-11,130.935349,-9.701349E-12,0.7554495,5.48838373E-13,-0.655207157
44232139,0.6130739,1.018727,-0.7292168,1.95399252E-13,-0.910192132,-2.120526E-13,-0.414186567,-3.13912438E-11,131.063812,-1.03157049E-11,0.7539787,5.478807E-13,-0.656899452
44232150,0.6162536,1.01826417,-0.728372,1.93511873E-13,-0.9109116,-2.100542E-13,-0.412601471,-3.10754131E-11,131.263275,-1.02678092E-11,0.751686931,5.423682E-13,-0.6595199
44232162,0.6193214,1.01796556,-0.7274535,1.86295424E-13,-0.9114221,-2.12496687E-13,-0.411472857,-3.09775018E-11,131.405212,-9.437433E-12,0.7500509,5.40659368E-13,-0.6613804
44232176,0.62039566,1.01813316,-0.726814866,1.90514271E-13,-0.912289,-2.12940776E-13,-0.4095472,-3.12019126E-11,131.647232,-9.923029E-12,0.747250855,5.44576266E-13,-0.664542556
44232186,0.6214529,1.01850641,-0.7257833,1.85851334E-13,-0.9128152,-2.14273044E-13,-0.408373028,-3.11102775E-11,131.794662,-9.413075E-12,0.745538235,5.42976742E-13,-0.666463256
44232197,0.6229667,1.01882386,-0.7243817,1.81854531E-13,-0.912762165,-2.14495088E-13,-0.408491373,-3.094763E-11,131.7798,-8.980602E-12,0.745710969,5.4013803E-13,-0.666269541
44232205,0.6229833,1.01882386,-0.724420667,1.84074977E-13,-0.9125041,-2.14273044E-13,-0.4090677,-3.10341648E-11,131.707443,-9.203648E-12,0.7465519,5.416483E-13,-0.6653274
44232218,0.625378966,1.01916909,-0.7216971,1.86073379E-13,-0.9120224,-2.10276241E-13,-0.410140336,-3.07211756E-11,131.5727,-9.563849E-12,0.748114347,5.361857E-13,-0.6635698
44232231,0.626230359,1.0194962,-0.7202294,1.90403249E-13,-0.911869049,-2.11386464E-13,-0.410481185,-3.1044424E-11,131.529877,-9.952583E-12,0.7486102,5.41827434E-13,-0.663010359
44232241,0.6271583,1.0196743,-0.7186026,1.93400851E-13,-0.9119211,-2.06945572E-13,-0.410365582,-3.072006E-11,131.544388,-1.04785928E-11,0.748442054,5.36166164E-13,-0.66320014
44232253,0.6282604,1.01984978,-0.716318667,1.92845739E-13,-0.9122023,-2.076117E-13,-0.409740269,-3.07564356E-11,131.622971,-1.041035E-11,0.747532,5.36801072E-13,-0.664226055
44232261,0.6282964,1.01984978,-0.7163913,1.956213E-13,-0.9117493,-2.08277839E-13,-0.41074723,-3.09681482E-11,131.496445,-1.06350163E-11,0.748997,5.40496142E-13,-0.6625736
44232273,0.630043566,1.0202117,-0.71242696,2.02726724E-13,-0.910981357,-2.076117E-13,-0.412447572,-3.12542249E-11,131.282639,-1.13504449E-11,0.751464069,5.454891E-13,-0.659774065
44232284,0.6314097,1.02056623,-0.708493352,2.00173211E-13,-0.910288155,-2.05835349E-13,-0.413975179,-3.096679E-11,131.090408,-1.11159051E-11,0.7536734,5.40472452E-13,-0.6572491
44232295,0.632377267,1.02080131,-0.7051848,1.94066985E-13,-0.908903,-2.04058992E-13,-0.4170076,-3.05268727E-11,130.708374,-1.04615119E-11,0.758038938,5.32794457E-13,-0.6522093
44232307,0.633289039,1.020884,-0.7021151,1.94733119E-13,-0.9075024,-2.04503081E-13,-0.420046955,-3.063996E-11,130.3249,-1.04071907E-11,0.7623873,5.347682E-13,-0.6471213
44232317,0.63441813,1.02036893,-0.698839664,2.00062189E-13,-0.9072215,-2.01394457E-13,-0.420653284,-3.05806144E-11,130.248322,-1.10905694E-11,0.7632514,5.337324E-13,-0.6461017
44232329,0.635735333,1.01959562,-0.6954089,1.97397654E-13,-0.9073823,-1.99396055E-13,-0.420306385,-3.02402478E-11,130.292145,-1.09214582E-11,0.7627572,5.277919E-13,-0.646685362
44232340,0.6370225,1.01857436,-0.691706657,1.98951966E-13,-0.907406151,-1.97175609E-13,-0.420254976,-3.00836E-11,130.29863,-1.119172E-11,0.7626839,5.25057862E-13,-0.6467718
44232353,0.637717068,1.01807618,-0.68967706,1.95177208E-13,-0.907805145,-1.94733119E-13,-0.4193923,-2.96374522E-11,130.407547,-1.09450166E-11,0.761453,5.172711E-13,-0.6482204
44232366,0.6387182,1.01719487,-0.6871501,1.99951167E-13,-0.908157051,-1.99396055E-13,-0.418629825,-3.03425236E-11,130.503784,-1.12430256E-11,0.7603633,5.295769E-13,-0.649498463
44232377,0.639930248,1.01595747,-0.6835415,1.95732319E-13,-0.9088512,-1.97397654E-13,-0.4171206,-2.99140226E-11,130.694138,-1.09495572E-11,0.7582011,5.22098152E-13,-0.65202105
44232389,0.6410836,1.0146383,-0.679499745,1.9384494E-13,-0.90851444,-1.94511074E-13,-0.4178537,-2.953195E-11,130.601685,-1.08671449E-11,0.75925225,5.154299E-13,-0.650797
44232398,0.6418526,1.01327765,-0.675129056,1.90403249E-13,-0.90787,-1.91846539E-13,-0.419251859,-2.91061E-11,130.425278,-1.05916265E-11,0.761252344,5.079973E-13,-0.648455858
44232406,0.641937554,1.01327765,-0.6752659,1.9240165E-13,-0.907024443,-1.94511074E-13,-0.421078116,-2.95007282E-11,130.194656,-1.06121674E-11,0.7638563,5.14884847E-13,-0.6453867
44232418,0.642533839,1.0112803,-0.668573737,1.96287431E-13,-0.9060158,-1.94066985E-13,-0.4232439,-2.96683546E-11,129.920883,-1.09666217E-11,0.766931355,5.17810458E-13,-0.641729355
44232434,0.6427171,1.01046276,-0.6659455,1.98063788E-13,-0.905181766,-1.9673152E-13,-0.425024956,-3.00527554E-11,129.695526,-1.09627342E-11,0.769449651,5.24519664E-13,-0.6387081
44232445,0.6433426,1.00959158,-0.6633946,1.96287431E-13,-0.9045735,-1.94733119E-13,-0.426317841,-2.97744676E-11,129.5318,-1.08332787E-11,0.771271646,5.196625E-13,-0.636506438
44232455,0.6449362,1.008341,-0.6597273,1.91957561E-13,-0.904311538,-1.92290628E-13,-0.4268732,-2.93162057E-11,129.461426,-1.04857815E-11,0.7720527,5.11664333E-13,-0.6355587
44232463,0.6472109,1.006869,-0.655285,1.94289029E-13,-0.9052197,-1.92734717E-13,-0.424943954,-2.94533772E-11,129.705765,-1.07684894E-11,0.76933527,5.140584E-13,-0.6388453
44232473,0.647096634,1.006869,-0.6551444,1.92845739E-13,-0.9060925,-1.94733119E-13,-0.42307964,-2.956867E-11,129.941666,-1.05823544E-11,0.7666986,5.16070639E-13,-0.642007351
44232484,0.6508346,1.00425339,-0.647918642,1.906253E-13,-0.9069742,-1.90292226E-13,-0.421186477,-2.89777854E-11,130.180969,-1.06276446E-11,0.764010549,5.0575787E-13,-0.6452044
44232497,0.651687741,1.003174,-0.6450761,1.87738713E-13,-0.906654656,-1.92734717E-13,-0.421873719,-2.910005E-11,130.094116,-1.01877005E-11,0.7649875,5.078917E-13,-0.644045353
44232507,0.651943862,1.00201416,-0.642558455,1.84186E-13,-0.904999,-1.90514271E-13,-0.4254137,-2.87361818E-11,129.6463,-9.813709E-12,0.769997954,5.01541E-13,-0.6380465
44232518,0.6523306,1.00048912,-0.638978243,1.926237E-13,-0.903333843,-1.90070182E-13,-0.428938121,-2.91429832E-11,129.199631,-1.05968723E-11,0.774948657,5.08641E-13,-0.63202405
44232529,0.6534123,0.998695135,-0.6346548,1.86961557E-13,-0.9028044,-1.90292226E-13,-0.430051565,-2.8899964E-11,129.058334,-9.96421955E-12,0.7765049,5.04399528E-13,-0.630111456
44232540,0.6551175,0.9969367,-0.630181,1.86073379E-13,-0.9028976,-1.90514271E-13,-0.429855764,-2.88770258E-11,129.083191,-9.867656E-12,0.776231468,5.039992E-13,-0.6304481
44232552,0.6574837,0.99547,-0.626000941,1.87516669E-13,-0.903051436,-1.90292226E-13,-0.4295325,-2.89215544E-11,129.1242,-1.00382784E-11,0.7757799,5.04776342E-13,-0.631003737
44232563,0.660168052,0.9941301,-0.6221759,1.95066185E-13,-0.903806746,-1.90514271E-13,-0.427940875,-2.9297037E-11,129.3261,-1.08602181E-11,0.7735517,5.11329748E-13,-0.6337333
44232574,0.6625103,0.992609739,-0.618511,1.926237E-13,-0.9041951,-1.90292226E-13,-0.4271198,-2.914461E-11,129.430176,-1.06446189E-11,0.772399247,5.086694E-13,-0.635137439
44232585,0.6639465,0.990537167,-0.614944458,1.8995916E-13,-0.903588057,-1.871836E-13,-0.428402454,-2.8707E-11,129.267578,-1.04799615E-11,0.774198651,5.01031671E-13,-0.6329428
44232597,0.6642052,0.9877741,-0.611453056,1.861844E-13,-0.901544154,-1.85296223E-13,-0.4326874,-2.83742821E-11,128.723557,-1.004717E-11,0.7801736,4.95224738E-13,-0.625563741
44232608,0.663848,0.984388769,-0.608132839,1.84796622E-13,-0.898809135,-1.80744308E-13,-0.438340247,-2.78982826E-11,128.003937,-9.954498E-12,0.787968457,4.869169E-13,-0.615715742
44232619,0.6637001,0.980625,-0.6050425,1.79412041E-13,-0.8960459,-1.80855331E-13,-0.443961382,-2.76975474E-11,127.286194,-9.22102845E-12,0.795619547,4.834134E-13,-0.6057966
44232631,0.664169133,0.9767253,-0.601996839,1.78523862E-13,-0.894453347,-1.82298621E-13,-0.447161317,-2.78327517E-11,126.876595,-8.95697752E-12,0.799929857,4.85773151E-13,-0.6000936
44232642,0.6657322,0.972928464,-0.5991915,1.77968751E-13,-0.894194841,-1.82409643E-13,-0.447678059,-2.7820822E-11,126.810387,-8.878318E-12,0.8006228,4.8556493E-13,-0.5991688
44232654,0.6679038,0.969208956,-0.596684158,1.73472348E-13,-0.894866347,-1.83741911E-13,-0.4463343,-2.77140966E-11,126.982521,-8.390879E-12,0.798819065,4.837022E-13,-0.60157156
44232664,0.670371,0.9656072,-0.59455353,1.8079982E-13,-0.895656,-1.86406446E-13,-0.444747567,-2.83460946E-11,127.185623,-9.056244E-12,0.796681643,4.94732673E-13,-0.6043993
44232675,0.672258556,0.962066948,-0.5924717,1.836864E-13,-0.896752954,-1.871836E-13,-0.4425316,-2.85498552E-11,127.468964,-9.38352E-12,0.793683,4.98288964E-13,-0.6083317
44232686,0.6732566,0.9587081,-0.59096235,1.87405647E-13,-0.896660745,-1.88737914E-13,-0.4427184,-2.89001982E-11,127.4451,-9.68087156E-12,0.7939364,5.044036E-13,-0.608001
44232697,0.6739979,0.9554832,-0.589777648,1.84186E-13,-0.8958135,-1.8562929E-13,-0.4444304,-2.84355543E-11,127.226212,-9.453457E-12,0.796253562,4.962942E-13,-0.6049638
44232708,0.674805045,0.952411,-0.5888975,1.81077375E-13,-0.8955618,-1.89293026E-13,-0.444937348,-2.86583882E-11,127.161346,-8.931545E-12,0.7969378,5.001834E-13,-0.604061961
44232719,0.675815046,0.9497038,-0.5881828,1.86572979E-13,-0.895649433,-1.86961557E-13,-0.444760859,-2.86974368E-11,127.183929,-9.620053E-12,0.796699643,5.00864758E-13,-0.604375839
44232731,0.6770757,0.947030365,-0.587900043,1.8274271E-13,-0.895207,-1.871836E-13,-0.445650667,-2.85341542E-11,127.070053,-9.187271E-12,0.7978992,4.98014932E-13,-0.6027911
44232742,0.678325355,0.9442282,-0.587705851,1.76914039E-13,-0.895019531,-1.85407245E-13,-0.44602704,-2.80579223E-11,127.021866,-8.668263E-12,0.7984058,4.897031E-13,-0.6021199
44232753,0.6798316,0.9411581,-0.5875423,1.74860126E-13,-0.894889832,-1.8562929E-13,-0.446287185,-2.79781719E-11,126.988556,-8.43813E-12,0.7987557,4.883112E-13,-0.6016556
44232764,0.6815528,0.937779069,-0.5874014,1.71807013E-13,-0.8951562,-1.87294624E-13,-0.4457527,-2.79880025E-11,127.056984,-8.056592E-12,0.798036635,4.884828E-13,-0.6026093
44232776,0.6832869,0.934384346,-0.5872515,1.727507E-13,-0.8962868,-1.8951507E-13,-0.443475,-2.82434371E-11,127.348373,-8.111818E-12,0.7949616,4.92941E-13,-0.60666
44232786,0.6849602,0.931506455,-0.587325752,1.801892E-13,-0.8967418,-1.9095836E-13,-0.442554027,-2.876063E-11,127.466095,-8.832006E-12,0.7937134,5.019676E-13,-0.608291745
44232798,0.6865717,0.9292425,-0.587542832,1.77580173E-13,-0.896847546,-1.91846539E-13,-0.442339957,-2.87175422E-11,127.493462,-8.525719E-12,0.793423,5.012158E-13,-0.608671069
44232809,0.6882886,0.9272412,-0.5877242,1.77635684E-13,-0.897007167,-1.85407245E-13,-0.442016035,-2.80553879E-11,127.534836,-8.867954E-12,0.7929831,4.896589E-13,-0.609243751
44232820,0.690327048,0.9259746,-0.587957263,1.80133686E-13,-0.897173464,-1.87849736E-13,-0.441678375,-2.84295868E-11,127.577965,-9.011709E-12,0.7925242,4.961899E-13,-0.6098404
44232832,0.692511261,0.9252445,-0.588127255,1.796896E-13,-0.8974246,-1.83630888E-13,-0.441168,-2.79681521E-11,127.64315,-9.195489E-12,0.79183,4.88136333E-13,-0.610741735
44232843,0.695041358,0.9252919,-0.5883313,1.76914039E-13,-0.897958636,-1.81743509E-13,-0.4400799,-2.76228068E-11,127.782051,-9.038962E-12,0.7903471,4.82108927E-13,-0.612659454
44232854,0.69794625,0.9264991,-0.588372469,1.78468351E-13,-0.8989456,-1.78301818E-13,-0.4380605,-2.73259072E-11,128.039612,-9.433903E-12,0.787585139,4.76927146E-13,-0.6162065
44232865,0.700929165,0.9279706,-0.588457346,1.73860926E-13,-0.8994063,-1.77524662E-13,-0.4371136,-2.700508E-11,128.160278,-9.026741E-12,0.78628546,4.71327567E-13,-0.6178634
44232877,0.703987956,0.930048943,-0.5882686,1.74971149E-13,-0.8998104,-1.78745907E-13,-0.436281264,-2.71781452E-11,128.2663,-9.105144E-12,0.7851408,4.743481E-13,-0.6193174
44232890,0.7070876,0.9330654,-0.587695,1.6731061E-13,-0.9001239,-1.79634085E-13,-0.435633928,-2.6880791E-11,128.348724,-8.290194E-12,0.784249,4.69158241E-13,-0.6204461
44232902,0.7104664,0.935817,-0.587548733,1.7552626E-13,-0.900671,-1.79745108E-13,-0.434501857,-2.72908623E-11,128.4928,-9.166387E-12,0.7826865,4.763154E-13,-0.6224165
44232911,0.7143807,0.939278543,-0.587021649,1.64868119E-13,-0.901226163,-1.82853732E-13,-0.4333492,-2.70708855E-11,128.63942,-7.94623E-12,0.7810913,4.72476062E-13,-0.6244172
44232920,0.718134344,0.942611337,-0.5866996,1.64646075E-13,-0.902046859,-1.821876E-13,-0.431638241,-2.6975918E-11,128.856857,-8.007582E-12,0.778715849,4.708186E-13,-0.627377033
44232932,0.722267032,0.946395457,-0.586082637,1.67865721E-13,-0.902654469,-1.80744308E-13,-0.43036595,-2.69740948E-11,129.018417,-8.449816E-12,0.7769435,4.707867E-13,-0.6295701
44232943,0.7264614,0.9500616,-0.5854636,1.71973547E-13,-0.903276563,-1.7919E-13,-0.42905882,-2.70029155E-11,129.184311,-8.990467E-12,0.7751176,4.712898E-13,-0.6318171
44232955,0.7306703,0.9538463,-0.584783733,1.62647673E-13,-0.9038678,-1.811884E-13,-0.4278122,-2.67402784E-11,129.342422,-7.963814E-12,0.7733713,4.66706E-13,-0.6339539
44232966,0.7353623,0.9577959,-0.584184647,1.61648472E-13,-0.904789567,-1.80744308E-13,-0.4258589,-2.66282153E-11,129.58992,-7.939623E-12,0.7706254,4.64750037E-13,-0.637288332
44232982,0.7402505,0.961964667,-0.5835941,1.687539E-13,-0.9058808,-1.7985613E-13,-0.423532635,-2.686038E-11,129.884354,-8.788714E-12,0.7673402,4.68801972E-13,-0.6412401
44232995,0.745001554,0.966019034,-0.583424866,1.72861725E-13,-0.9066482,-1.79634085E-13,-0.4218876,-2.70199054E-11,130.092377,-9.274969E-12,0.7650073,4.715863E-13,-0.644022
44233004,0.7500742,0.9695865,-0.58334893,1.72417636E-13,-0.907812655,-1.771916E-13,-0.419376,-2.67186932E-11,130.4096,-9.420916E-12,0.761429667,4.663292E-13,-0.6482476
44233013,0.755248845,0.9730372,-0.582783163,1.73971948E-13,-0.909063458,-1.7696955E-13,-0.416657925,-2.67414615E-11,130.752472,-9.673334E-12,0.757537,4.667267E-13,-0.6527927
44233022,0.760327935,0.976152,-0.5818104,1.70863323E-13,-0.9103573,-1.76525461E-13,-0.413823247,-2.65174549E-11,131.109543,-9.453383E-12,0.753454,4.628169E-13,-0.657500863
44233033,0.765368164,0.978895843,-0.581278145,1.74860126E-13,-0.911135852,-1.76303416E-13,-0.412106156,-2.66651458E-11,131.325577,-9.931147E-12,0.7509694,4.653946E-13,-0.6603371
44233044,0.770005643,0.9812811,-0.5801668,1.66422431E-13,-0.9114977,-1.75637282E-13,-0.411305457,-2.61891411E-11,131.42627,-9.104654E-12,0.749807954,4.57086842E-13,-0.661656141
44233055,0.774547637,0.9832881,-0.57907933,1.66089364E-13,-0.911215544,-1.78745907E-13,-0.411930025,-2.65042519E-11,131.347733,-8.905185E-12,0.750714064,4.62586458E-13,-0.6606275
44233065,0.7793646,0.9849571,-0.577767551,1.63535852E-13,-0.9118236,-1.76303416E-13,-0.410582423,-2.61157086E-11,131.517151,-8.792468E-12,0.7487575,4.558051E-13,-0.6628444
44233077,0.7844472,0.9861332,-0.576709151,1.54543045E-13,-0.912602365,-1.73194792E-13,-0.408848345,-2.535254E-11,131.734985,-8.04730154E-12,0.7462319,4.424853E-13,-0.665686131
44233088,0.7893595,0.987394869,-0.5758387,1.55875313E-13,-0.913125336,-1.71418435E-13,-0.407679141,-2.521858E-11,131.88176,-8.302155E-12,0.7445243,4.40147268E-13,-0.667595744
44233099,0.7942823,0.988711655,-0.575531363,1.533218E-13,-0.91376704,-1.707523E-13,-0.406238645,-2.50168341E-11,132.062454,-8.105544E-12,0.742414951,4.366261E-13,-0.669940352
44233110,0.7988838,0.9903464,-0.575287461,1.52433621E-13,-0.914699256,-1.68309811E-13,-0.4041352,-2.47009739E-11,132.326111,-8.183098E-12,0.739324331,4.31113316E-13,-0.6733495
44233122,0.803434253,0.9919007,-0.575285435,1.55209179E-13,-0.91561836,-1.71862524E-13,-0.402048767,-2.518288E-11,132.587357,-8.366932E-12,0.736246467,4.39524285E-13,-0.676713943
44233139,0.808047056,0.9934185,-0.5753575,1.51434421E-13,-0.9167756,-1.75637282E-13,-0.399403,-2.53824045E-11,132.918289,-7.870299E-12,0.732325852,4.430067E-13,-0.680954933
44233148,0.812467039,0.994981,-0.575451,1.53654867E-13,-0.9178106,-1.7164048E-13,-0.397018671,-2.50425236E-11,133.216141,-8.351615E-12,0.7287759,4.37074584E-13,-0.6847527
44233157,0.8165862,0.996165454,-0.575480461,1.57762692E-13,-0.9185589,-1.71418435E-13,-0.395284235,-2.51894061E-11,133.4326,-8.841349E-12,0.7261837,4.39638072E-13,-0.687500834
44233166,0.820593,0.996840537,-0.5751653,1.48547841E-13,-0.918645561,-1.67643677E-13,-0.395082623,-2.43729169E-11,133.457748,-8.047733E-12,0.7258818,4.253876E-13,-0.687819362
44233178,0.824666262,0.997117043,-0.574800134,1.43107748E-13,-0.91863066,-1.67421632E-13,-0.395117342,-2.41035334E-11,133.453415,-7.4842E-12,0.7259338,4.20686E-13,-0.6877645
44233189,0.828642249,0.997282,-0.574279666,1.42552636E-13,-0.9188864,-1.67643677E-13,-0.3945223,-2.40969657E-11,133.527634,-7.431321E-12,0.7250424,4.205714E-13,-0.6887045
44233200,0.8323986,0.9974513,-0.5740842,1.42330592E-13,-0.918942034,-1.64090963E-13,-0.394392639,-2.37117687E-11,133.543808,-7.57190144E-12,0.724848,4.13848426E-13,-0.688908935
44233211,0.836114943,0.99788326,-0.573982835,1.35780276E-13,-0.9191604,-1.6586732E-13,-0.393883437,-2.35990186E-11,133.6073,-6.814928E-12,0.724084139,4.11880572E-13,-0.6897118
44233222,0.8402065,0.9984462,-0.574402153,1.3211654E-13,-0.919503331,-1.65645275E-13,-0.393082142,-2.34046428E-11,133.707169,-6.45945753E-12,0.722880661,4.08488076E-13,-0.6909728
44233233,0.8445171,0.9991779,-0.5745957,1.318945E-13,-0.9205276,-1.69197989E-13,-0.3906776,-2.37524982E-11,134.006653,-6.338135E-12,0.719259,4.14559283E-13,-0.6947421
44233245,0.84875375,0.9994482,-0.575580359,1.29452E-13,-0.9218665,-1.72306613E-13,-0.3875079,-2.395048E-11,134.40097,-6.023768E-12,0.7144611,4.18014744E-13,-0.69967556
44233256,0.852866054,0.9999162,-0.5766472,1.23678845E-13,-0.92314297,-1.72306613E-13,-0.384456843,-2.36760854E-11,134.779953,-5.49223557E-12,0.7098173,4.13225633E-13,-0.7043859
44233267,0.856729269,1.00019884,-0.577491,1.30118138E-13,-0.9241396,-1.72306613E-13,-0.382055044,-2.39436387E-11,135.077942,-6.23569729E-12,0.7061444,4.17895319E-13,-0.708068
44233278,0.860524833,1.00023818,-0.5781041,1.25233157E-13,-0.9249169,-1.73194792E-13,-0.38016957,-2.38121918E-11,135.31163,-5.728074E-12,0.7032505,4.15601256E-13,-0.7109426
44233289,0.8645242,1.00030231,-0.578253,1.26565425E-13,-0.9257462,-1.71418435E-13,-0.3781455,-2.36688984E-11,135.562286,-5.998451E-12,0.7001335,4.13100218E-13,-0.714012
44233300,0.8683518,0.999864936,-0.5788351,1.338929E-13,-0.926692665,-1.70974346E-13,-0.3758201,-2.392217E-11,135.849991,-6.85509245E-12,0.696539462,4.17520619E-13,-0.717518568
44233311,0.872036636,0.9986571,-0.5795436,1.27675648E-13,-0.9273071,-1.74971149E-13,-0.374301434,-2.40689465E-11,136.03772,-6.06218938E-12,0.6941848,4.20082345E-13,-0.719797
44233323,0.8755287,0.997312248,-0.580614746,1.2922996E-13,-0.928058743,-1.70974346E-13,-0.37243405,-2.36979776E-11,136.268387,-6.446499E-12,0.6912814,4.13607733E-13,-0.722586036
44233334,0.879054546,0.9960542,-0.5819867,1.298961E-13,-0.928918064,-1.70974346E-13,-0.3702853,-2.37112639E-11,136.533569,-6.57223278E-12,0.6879294,4.13839536E-13,-0.7257775
44233345,0.882342041,0.9949661,-0.583677,1.298961E-13,-0.9297145,-1.66533454E-13,-0.3682813,-2.32239141E-11,136.780685,-6.81076332E-12,0.684792936,4.05333753E-13,-0.72873807
44233356,0.885416031,0.993900061,-0.5854156,1.24344979E-13,-0.9304608,-1.67421632E-13,-0.366391659,-2.30716574E-11,137.0135,-6.22876447E-12,0.6818262,4.02676454E-13,-0.7315147
44233367,0.888546,0.9924752,-0.5870646,1.25233157E-13,-0.9312913,-1.65201186E-13,-0.364275455,-2.28575544E-11,137.274,-6.468672E-12,0.6784931,3.989396E-13,-0.734606862
44233378,0.8917846,0.9908058,-0.5885486,1.26565425E-13,-0.9319666,-1.66089364E-13,-0.3625443,-2.29956974E-11,137.486938,-6.616515E-12,0.675758362,4.01350638E-13,-0.7371235
44233390,0.8948692,0.98857677,-0.5902141,1.34559031E-13,-0.932647049,-1.69642078E-13,-0.3607901,-2.369338E-11,137.702545,-7.367194E-12,0.672979653,4.135275E-13,-0.739661
44233401,0.897709548,0.9864443,-0.5916073,1.27897692E-13,-0.9335,-1.68309811E-13,-0.35857743,-2.32596165E-11,137.974289,-6.765531E-12,0.669464052,4.05956871E-13,-0.742844462
44233412,0.900281966,0.9840744,-0.592949033,1.36557432E-13,-0.9341842,-1.69197989E-13,-0.3567912,-2.36957658E-11,138.193466,-7.700718E-12,0.6666174,4.13569136E-13,-0.7454002
44233423,0.9026656,0.981429338,-0.594559252,1.35225164E-13,-0.9346614,-1.70974346E-13,-0.3555395,-2.38214032E-11,138.34697,-7.51738949E-12,0.6646181,4.15762016E-13,-0.7471838
44233434,0.904943645,0.978649557,-0.5961546,1.28341782E-13,-0.9352999,-1.69197989E-13,-0.3538561,-2.3338333E-11,138.5533,-6.89455177E-12,0.6619231,4.07330745E-13,-0.7495717
44233445,0.9071669,0.9757538,-0.597693145,1.28119737E-13,-0.9359204,-1.66089364E-13,-0.352211475,-2.29838249E-11,138.754715,-7.037218E-12,0.6592838,4.01143338E-13,-0.751894
44233457,0.9090711,0.972378433,-0.599372745,1.29452E-13,-0.936532855,-1.69642078E-13,-0.3505801,-2.34063133E-11,138.9544,-7.07750828E-12,0.656659544,4.0851735E-13,-0.7541876
44233468,0.9110058,0.9686385,-0.601115644,1.28785871E-13,-0.936733544,-1.69642078E-13,-0.3500435,-2.33755428E-11,139.02005,-7.0194137E-12,0.655795,4.07980182E-13,-0.754939437
44233480,0.9130518,0.9647315,-0.6026485,1.17239551E-13,-0.9367796,-1.687539E-13,-0.349919945,-2.28162888E-11,139.035172,-5.81864635E-12,0.6555957,3.98219354E-13,-0.755112052
44233490,0.914923847,0.9604349,-0.6040221,1.2057022E-13,-0.9370002,-1.69642078E-13,-0.349328727,-2.30413084E-11,139.107468,-6.155111E-12,0.654642165,4.021466E-13,-0.755938768
44233501,0.9164984,0.9559397,-0.6053345,1.17905685E-13,-0.9370284,-1.66533454E-13,-0.3492532,-2.26003782E-11,139.116714,-5.99527329E-12,0.654520333,3.94451019E-13,-0.7560445
44233512,0.917882264,0.951520443,-0.6067703,1.20792265E-13,-0.9371072,-1.70086167E-13,-0.349042028,-2.30959887E-11,139.142532,-6.1682417E-12,0.6541796,4.03101082E-13,-0.7563398
44233524,0.9191545,0.94724977,-0.608503759,1.22124533E-13,-0.9370688,-1.67421632E-13,-0.349144816,-2.28638514E-11,139.129974,-6.41537474E-12,0.654345453,3.99049473E-13,-0.7561959
44233535,0.920555651,0.943176568,-0.610325336,1.2057022E-13,-0.9371545,-1.67421632E-13,-0.34891507,-2.280013E-11,139.158066,-6.25406064E-12,0.653974652,3.979374E-13,-0.756517053
44233546,0.922216952,0.9391534,-0.6119688,1.15907284E-13,-0.937612236,-1.69197989E-13,-0.3476828,-2.27969674E-11,139.3087,-5.71225836E-12,0.6519833,3.9788214E-13,-0.7582334
44233557,0.923881054,0.935158849,-0.6135698,1.21236354E-13,-0.938133061,-1.67421632E-13,-0.3462752,-2.28088676E-11,139.480682,-6.38983831E-12,0.649704456,3.98089846E-13,-0.760187268
44233568,0.9253881,0.930808246,-0.6152963,1.25677246E-13,-0.9385725,-1.66089364E-13,-0.345082223,-2.28330445E-11,139.626373,-6.949144E-12,0.6477694,3.985118E-13,-0.761836767
44233580,0.926749766,0.926191568,-0.616942346,1.2101431E-13,-0.9388762,-1.65201186E-13,-0.344254762,-2.25474067E-11,139.727386,-6.50263263E-12,0.6464252,3.93526439E-13,-0.7629771
44233591,0.9275896,0.921385348,-0.618554652,1.22124533E-13,-0.938770056,-1.647571E-13,-0.3445443,-2.254547E-11,139.692047,-6.63264452E-12,0.6468957,3.934927E-13,-0.7625785
44233602,0.927855432,0.9165103,-0.620146334,1.21902488E-13,-0.937975168,-1.647571E-13,-0.346702754,-2.25518423E-11,139.428467,-6.556901E-12,0.6503971,3.93603986E-13,-0.7595948
44233613,0.9280939,0.9118717,-0.6217497,1.2390089E-13,-0.9371358,-1.647571E-13,-0.348964751,-2.26475141E-11,139.152,-6.717076E-12,0.654054761,3.95273658E-13,-0.7564471
44233624,0.928553343,0.9075819,-0.623494446,1.23234756E-13,-0.936796,-1.65201186E-13,-0.3498761,-2.2675E-11,139.040527,-6.605731E-12,0.6555251,3.95753417E-13,-0.755173564
44233635,0.9290581,0.903834462,-0.62528,1.27231559E-13,-0.937014043,-1.647571E-13,-0.349291742,-2.27831677E-11,139.112,-7.06680027E-12,0.65458256,3.97641284E-13,-0.7559906
44233646,0.93004775,0.9004387,-0.6271814,1.31228362E-13,-0.9373865,-1.603162E-13,-0.348290861,-2.24581E-11,139.234375,-7.697691E-12,0.6529663,3.919678E-13,-0.7573869
44233658,0.9313244,0.897304356,-0.6291205,1.30562228E-13,-0.938024044,-1.59872116E-13,-0.346570224,-2.23697484E-11,139.444656,-7.684922E-12,0.6501824,3.90425756E-13,-0.759778261
44233670,0.9325436,0.8941224,-0.6311079,1.24567023E-13,-0.938695848,-1.61204383E-13,-0.3447464,-2.22612328E-11,139.667374,-7.030871E-12,0.647224069,3.88531817E-13,-0.7622998
44233681,0.9336838,0.8910543,-0.6329967,1.29674049E-13,-0.9389253,-1.607603E-13,-0.344120979,-2.24101519E-11,139.7437,-7.612691E-12,0.6462078,3.91130921E-13,-0.76316154
44233691,0.9345473,0.887931049,-0.634907365,1.29452E-13,-0.939020157,-1.61648472E-13,-0.343862355,-2.2494874E-11,139.775269,-7.559972E-12,0.645787358,3.926097E-13,-0.763517737
44233703,0.935386539,0.8850512,-0.6363395,1.28119737E-13,-0.939202666,-1.66089364E-13,-0.3433634,-2.29163875E-11,139.836151,-7.253804E-12,0.644975662,3.999664E-13,-0.7642033
44233714,0.9362379,0.882012546,-0.637849569,1.25011113E-13,-0.9393848,-1.62536651E-13,-0.3428646,-2.24079609E-11,139.897,-7.07092761E-12,0.6441636,3.910927E-13,-0.7648877
44233725,0.9370123,0.878989935,-0.6394487,1.24122934E-13,-0.939754844,-1.58539848E-13,-0.341849327,-2.19351082E-11,140.020828,-7.156057E-12,0.6425091,3.82839864E-13,-0.7662784
44233736,0.9379832,0.876013458,-0.641362667,1.24567023E-13,-0.940048456,-1.58539848E-13,-0.34104085,-2.19463024E-11,140.1194,-7.22276E-12,0.6411899,3.83035156E-13,-0.767382145
44233747,0.9387196,0.872970939,-0.643541634,1.21680443E-13,-0.9403251,-1.563194E-13,-0.3402775,-2.158861E-11,140.212433,-7.01612032E-12,0.639942944,3.7679232E-13,-0.7684225
44233765,0.938824058,0.871421,-0.6447411,1.24344979E-13,-0.9402921,-1.563194E-13,-0.340368629,-2.16932167E-11,140.201324,-7.301131E-12,0.6400919,3.78618062E-13,-0.7682985
44233773,0.938821,0.871421,-0.6447358,1.21902488E-13,-0.9403133,-1.5720758E-13,-0.3403103,-2.16932184E-11,140.20845,-7.004657E-12,0.6399966,3.786181E-13,-0.768378139
44233781,0.9388958,0.8678464,-0.646787465,1.234568E-13,-0.9402226,-1.54543045E-13,-0.340560734,-2.1468655E-11,140.177933,-7.270328E-12,0.640405834,3.746988E-13,-0.7680372
44233792,0.9387233,0.864160955,-0.649204135,1.24789068E-13,-0.9403429,-1.55875313E-13,-0.340228349,-2.166159E-11,140.21843,-7.369533E-12,0.639862657,3.78066041E-13,-0.7684896
44233803,0.937967658,0.8618184,-0.6517099,1.26121336E-13,-0.940371633,-1.563194E-13,-0.3401488,-2.17607477E-11,140.228119,-7.49762E-12,0.6397326,3.797967E-13,-0.7685976
44233814,0.9363909,0.8606965,-0.6545156,1.17017507E-13,-0.939983964,-1.54987134E-13,-0.341218859,-2.12697984E-11,140.0977,-6.54432931E-12,0.6414805,3.71228E-13,-0.7671397
44233826,0.934673131,0.8603959,-0.6572681,1.27009514E-13,-0.9392573,-1.55431223E-13,-0.343214035,-2.17244226E-11,139.854385,-7.557134E-12,0.6447326,3.791627E-13,-0.7644086
44233837,0.9332923,0.8599019,-0.6601804,1.31006317E-13,-0.9386073,-1.59428026E-13,-0.3449877,-2.23265469E-11,139.637924,-7.78796E-12,0.6476159,3.89671748E-13,-0.7619672
44233848,0.9322186,0.859236836,-0.663018644,1.32560629E-13,-0.9381306,-1.58095759E-13,-0.3462817,-2.22557181E-11,139.479889,-7.97712E-12,0.649714947,3.88435567E-13,-0.7601781
44233860,0.931698859,0.857961655,-0.6660316,1.298961E-13,-0.938107,-1.607603E-13,-0.346345723,-2.24369481E-11,139.472061,-7.58341653E-12,0.6498187,3.91598619E-13,-0.7600895
44233871,0.9312319,0.857202232,-0.669201732,1.37001521E-13,-0.938571334,-1.65645275E-13,-0.3450854,-2.323311E-11,139.625977,-8.184579E-12,0.6477746,4.05494269E-13,-0.761832356
44233882,0.9302955,0.8566336,-0.672556341,1.33226763E-13,-0.9383134,-1.62536651E-13,-0.345786124,-2.27553948E-11,139.540421,-7.884533E-12,0.648911536,3.97156564E-13,-0.760864139
44233892,0.928734541,0.856039762,-0.676025033,1.29007915E-13,-0.9378549,-1.58095759E-13,-0.347027957,-2.21207774E-11,139.388733,-7.577601E-12,0.6509237,3.86080463E-13,-0.7591436
44233904,0.9264783,0.856330633,-0.6794374,1.314504E-13,-0.9363424,-1.59428026E-13,-0.351088345,-2.23946209E-11,138.892212,-7.690155E-12,0.6574778,3.90859871E-13,-0.753474236
44233915,0.9238926,0.8566443,-0.6830554,1.274536E-13,-0.9345534,-1.607603E-13,-0.355823159,-2.24129656E-11,138.31221,-7.09435852E-12,0.6650715,3.91180035E-13,-0.746780038
44233926,0.921728,0.856942534,-0.6867224,1.1946E-13,-0.933613539,-1.58539848E-13,-0.358281583,-2.18658234E-11,138.0106,-6.27131723E-12,0.668993056,3.81630518E-13,-0.7432685
44233939,0.9206882,0.857651055,-0.690637946,1.24344979E-13,-0.9332336,-1.58539848E-13,-0.359270364,-2.207356E-11,137.8892,-6.77055547E-12,0.6705664,3.85256361E-13,-0.74185
44233952,0.91980654,0.858684957,-0.694599748,1.22346577E-13,-0.9334193,-1.54987134E-13,-0.3587873,-2.16078891E-11,137.948532,-6.71429058E-12,0.669797957,3.77128775E-13,-0.7425431
44233961,0.91917026,0.859909654,-0.6985915,1.22124533E-13,-0.9331853,-1.54098956E-13,-0.359395474,-2.15081373E-11,137.87384,-6.71304462E-12,0.670765162,3.75387763E-13,-0.741669536
44233970,0.9188251,0.860958934,-0.702463865,1.22568622E-13,-0.933185339,-1.5187851E-13,-0.3593955,-2.1288981E-11,137.87384,-6.85197732E-12,0.6707652,3.715628E-13,-0.7416698
44233982,0.9184895,0.8615488,-0.706121445,1.19682042E-13,-0.9335048,-1.55431223E-13,-0.358564973,-2.15443115E-11,137.975815,-6.41616057E-12,0.669444263,3.76019176E-13,-0.742862463
44233994,0.9178669,0.8616418,-0.7097756,1.16795462E-13,-0.9337403,-1.51434421E-13,-0.357951164,-2.09940346E-11,138.051163,-6.28540449E-12,0.668466866,3.66415015E-13,-0.743742
44234004,0.9166481,0.8616148,-0.7133019,1.17239551E-13,-0.933049,-1.52766688E-13,-0.3597494,-2.11668565E-11,137.8304,-6.2375066E-12,0.671327651,3.69431346E-13,-0.741161
44234016,0.915497065,0.8616674,-0.7167031,1.18349774E-13,-0.9315238,-1.483258E-13,-0.363680273,-2.07651951E-11,137.347229,-6.451789E-12,0.677553654,3.62420976E-13,-0.735473156
44234027,0.9147307,0.8617007,-0.7198588,1.0946799E-13,-0.9304731,-1.46993528E-13,-0.3663604,-2.02687554E-11,137.017349,-5.50089965E-12,0.681777,3.53756521E-13,-0.731560349
44234039,0.914564431,0.86140424,-0.7226548,1.11910481E-13,-0.9299381,-1.50102153E-13,-0.367716253,-2.07109347E-11,136.850327,-5.60064061E-12,0.6839067,3.61474E-13,-0.7295697
44234050,0.9149222,0.8611159,-0.7251901,1.09912079E-13,-0.9301468,-1.51434421E-13,-0.367187768,-2.0765667E-11,136.915436,-5.343347E-12,0.683077037,3.62429216E-13,-0.7303462
44234061,0.915941954,0.8610577,-0.7273298,1.12798659E-13,-0.929924965,-1.52766688E-13,-0.3677494,-2.10325021E-11,136.846237,-5.582262E-12,0.6839587,3.670864E-13,-0.7295209
44234079,0.9166116,0.86115557,-0.728381753,1.11910481E-13,-0.9296323,-1.5187851E-13,-0.368488669,-2.09048143E-11,136.755127,-5.50842531E-12,0.68511796,3.64857829E-13,-0.7284324
44234090,0.9175554,0.861204267,-0.7298375,1.12132525E-13,-0.929402053,-1.55875313E-13,-0.36906898,-2.13433056E-11,136.6836,-5.34998738E-12,0.686026931,3.72510941E-13,-0.7275764
44234101,0.919222057,0.8612735,-0.731343269,1.17239551E-13,-0.929572046,-1.54987134E-13,-0.368640631,-2.14619659E-11,136.736389,-5.94134854E-12,0.6853561,3.74581957E-13,-0.7282084
44234110,0.921561658,0.8612534,-0.7325367,1.14575016E-13,-0.9297313,-1.51434421E-13,-0.3682386,-2.09684527E-11,136.78595,-5.81666573E-12,0.6847259,3.6596854E-13,-0.728800654
44234119,0.923641264,0.861659169,-0.7337066,1.05693232E-13,-0.9296973,-1.44773082E-13,-0.368324757,-1.988445E-11,136.77533,-5.149652E-12,0.684861064,3.47049131E-13,-0.728674054
44234135,0.926594138,0.861756563,-0.7356281,1.12132525E-13,-0.92960465,-1.47437618E-13,-0.3685583,-2.04415391E-11,136.746536,-5.71806838E-12,0.685227,3.56772148E-13,-0.728329659
44234144,0.9300527,0.862246335,-0.7374026,1.06359366E-13,-0.929750443,-1.46993528E-13,-0.368190229,-2.0148383E-11,136.7919,-5.12981628E-12,0.684650064,3.51655554E-13,-0.7288718
44234153,0.9333937,0.863131642,-0.739217758,1.0946799E-13,-0.930263937,-1.49213975E-13,-0.3668911,-2.05085914E-11,136.951981,-5.39598357E-12,0.6826111,3.57942435E-13,-0.730782032
44234161,0.9332562,0.863131642,-0.738982558,1.10356169E-13,-0.9312743,-1.49658064E-13,-0.364318877,-2.057807E-11,137.268661,-5.52888247E-12,0.6785616,3.591551E-13,-0.7345437
44234172,0.9394191,0.8653501,-0.7413743,1.08579812E-13,-0.9321494,-1.46993528E-13,-0.362074137,-2.02063678E-11,137.544739,-5.4992534E-12,0.6750144,3.52667738E-13,-0.737805
44234183,0.9449774,0.86774385,-0.7431391,1.05693232E-13,-0.9328257,-1.45661261E-13,-0.360328078,-1.99344413E-11,137.759323,-5.28353273E-12,0.6722466,3.47921616E-13,-0.7403275
44234194,0.9495247,0.8699872,-0.744186163,1.02806652E-13,-0.9326668,-1.42996726E-13,-0.36073935,-1.95326654E-11,137.708786,-5.07638246E-12,0.6728992,3.409094E-13,-0.73973465
44234205,0.9532398,0.8721696,-0.7445836,1.06137321E-13,-0.932506144,-1.44773082E-13,-0.3611541,-1.98625821E-11,137.657822,-5.35008669E-12,0.673556864,3.46667438E-13,-0.7391354
44234217,0.95667845,0.874371469,-0.7448756,1.07469589E-13,-0.9322765,-1.42552636E-13,-0.361746818,-1.968399E-11,137.584976,-5.57183076E-12,0.6744961,3.435505E-13,-0.738278866
44234228,0.96048677,0.87697,-0.7450289,1.10134124E-13,-0.932199955,-1.438849E-13,-0.361943662,-1.9938E-11,137.560776,-5.797049E-12,0.6748077,3.47983686E-13,-0.7379935
44234238,0.964827836,0.8798416,-0.7452476,1.09912079E-13,-0.9325361,-1.41220369E-13,-0.361076683,-1.96386761E-11,137.667328,-5.902107E-12,0.6734341,3.42759566E-13,-0.7392472
44234250,0.970265031,0.883068442,-0.745456159,1.00808251E-13,-0.9330169,-1.4077628E-13,-0.3598326,-1.92079234E-11,137.820175,-4.97326225E-12,0.6714598,3.352415E-13,-0.741041064
44234261,0.976641,0.8863013,-0.7456785,1.00586206E-13,-0.934218,-1.4033219E-13,-0.356702656,-1.91345238E-11,138.204346,-5.032011E-12,0.6664761,3.33960453E-13,-0.745526552
44234272,0.9833055,0.889232337,-0.7458758,1.03916875E-13,-0.936088145,-1.4077628E-13,-0.351765722,-1.92895856E-11,138.8093,-5.472329E-12,0.6585674,3.36666784E-13,-0.752522
44234285,0.990174,0.8919324,-0.746008754,1.05693232E-13,-0.9375949,-1.41220369E-13,-0.347729623,-1.93843275E-11,139.302979,-5.72853874E-12,0.652059,3.38320328E-13,-0.75816834
44234300,0.9927111,0.8930018,-0.7458449,1.01030295E-13,-0.9388705,-1.42996726E-13,-0.344270647,-1.93702328E-11,139.725449,-5.22821543E-12,0.6464511,3.38074322E-13,-0.762955546
44234311,0.9960087,0.8941857,-0.7460022,1.01030295E-13,-0.93854326,-1.46549439E-13,-0.345161736,-1.97572774E-11,139.616669,-5.069306E-12,0.647898436,3.44829552E-13,-0.761726856
44234320,1.00097263,0.895795465,-0.746076465,1.0125234E-13,-0.9383351,-1.4610535E-13,-0.345726967,-1.97213773E-11,139.547638,-5.09887358E-12,0.6488155,3.44202883E-13,-0.760945559
44234330,1.0073421,0.8967377,-0.745911,9.503509E-14,-0.9386765,-1.4077628E-13,-0.34479934,-1.88974565E-11,139.6609,-4.66016765E-12,0.6473101,3.29822839E-13,-0.762227058
44234339,1.00718677,0.8967377,-0.7455637,9.348078E-14,-0.9398666,-1.43440815E-13,-0.341541767,-1.910732E-11,140.058334,-4.453994E-12,0.6420074,3.33485626E-13,-0.7666985
44234350,1.01901412,0.8981668,-0.7455216,8.79296636E-14,-0.941348851,-1.41664458E-13,-0.337434947,-1.868143E-11,140.558655,-4.007261E-12,0.635288,3.26052445E-13,-0.7722753
44234362,1.03008938,0.899794638,-0.7457228,9.03721542E-14,-0.9429781,-1.42552636E-13,-0.332855016,-1.88508653E-11,141.115692,-4.32807739E-12,0.62775,3.2900966E-13,-0.7784153
44234373,1.038887,0.901386261,-0.7460378,8.260059E-14,-0.943925,-1.42108547E-13,-0.3301598,-1.84963659E-11,141.443039,-3.558095E-12,0.6232922,3.22822417E-13,-0.781988859
44234393,1.04172647,0.9021141,-0.74588114,8.70414851E-14,-0.9449376,-1.41220369E-13,-0.327250779,-1.85556761E-11,141.796021,-4.12922561E-12,0.6184631,3.2385764E-13,-0.785814047
44234403,1.04591191,0.902920663,-0.745570958,8.615331E-14,-0.9457719,-1.41220369E-13,-0.324831724,-1.851199E-11,142.089249,-4.080435E-12,0.6144334,3.23095175E-13,-0.7889689
44234413,1.0524174,0.904238164,-0.7452908,8.193446E-14,-0.9466318,-1.41220369E-13,-0.322317123,-1.83452559E-11,142.393784,-3.67197462E-12,0.6102313,3.20185122E-13,-0.792223454
44234422,1.06015229,0.906131,-0.7446494,8.17124146E-14,-0.947467864,-1.37667655E-13,-0.319851041,-1.794177E-11,142.692169,-3.82583938E-12,0.606097162,3.13142958E-13,-0.7953907
44234432,1.06835866,0.907663465,-0.7442352,7.88258347E-14,-0.9482405,-1.38999923E-13,-0.317553282,-1.79721689E-11,142.969955,-3.50718543E-12,0.602233768,3.136735E-13,-0.7983202
44234441,1.0764538,0.90903604,-0.7434897,7.949197E-14,-0.949284554,-1.4033219E-13,-0.3144182,-1.81294042E-11,143.348618,-3.59101355E-12,0.5969447,3.164178E-13,-0.802282333
44234450,1.07628274,0.90903604,-0.742941856,8.17124146E-14,-0.9507376,-1.41220369E-13,-0.309996754,-1.82881366E-11,143.881927,-3.885709E-12,0.589451134,3.191882E-13,-0.807804
44234462,1.088998,0.910426438,-0.7425407,7.949197E-14,-0.952068,-1.38999923E-13,-0.305886716,-1.79511024E-11,144.376968,-3.80026E-12,0.5824499,3.13305832E-13,-0.8128668
44234474,1.10032,0.9117947,-0.742264152,7.81597E-14,-0.9529216,-1.398881E-13,-0.3032167,-1.79910739E-11,144.698181,-3.674225E-12,0.5778835,3.14003462E-13,-0.8161193
44234485,1.10898411,0.9130213,-0.7417783,6.48370246E-14,-0.953735769,-1.39444012E-13,-0.300646,-1.74735816E-11,145.007187,-2.28198883E-12,0.5734737,3.04971461E-13,-0.8192239
44234497,1.11198545,0.9138386,-0.740843356,6.39488462E-14,-0.9542519,-1.358913E-13,-0.299004,-1.70507063E-11,145.204422,-2.336667E-12,0.5706502,2.97590972E-13,-0.821193337
44234508,1.11630988,0.91415143,-0.7403462,6.57252E-14,-0.9552619,-1.37223566E-13,-0.295761347,-1.72487129E-11,145.593613,-2.543858E-12,0.565059066,3.01046839E-13,-0.8250506
44234517,1.11620831,0.91415143,-0.73994875,6.616929E-14,-0.9561348,-1.38555833E-13,-0.2929271,-1.740197E-11,145.933441,-2.59893712E-12,0.5601556,3.03721675E-13,-0.8283875
44234531,1.12244415,0.9133118,-0.740154147,6.794565E-14,-0.9569852,-1.39444012E-13,-0.290136784,-1.75507768E-11,146.267715,-2.81495834E-12,0.5553132,3.06318772E-13,-0.8316412
44234543,1.12821329,0.9125834,-0.7398602,6.705747E-14,-0.9574242,-1.438849E-13,-0.288684756,-1.80043237E-11,146.441544,-2.59722582E-12,0.552787542,3.14234722E-13,-0.8333223
44234553,1.1344924,0.910996735,-0.7386829,5.41788836E-14,-0.9579244,-1.438849E-13,-0.287020624,-1.75762044E-11,146.640671,-1.21482425E-12,0.549888134,3.06762645E-13,-0.835238457
44234563,1.14152944,0.908914447,-0.7376916,5.24025268E-14,-0.958252549,-1.44773082E-13,-0.285923123,-1.76141272E-11,146.771927,-1.01079865E-12,0.5479731,3.07424523E-13,-0.8364959
44234573,1.14145494,0.908914447,-0.737303734,4.75175455E-14,-0.9589645,-1.41220369E-13,-0.2835258,-1.70624313E-11,147.0585,-6.334649E-13,0.543782353,2.97795534E-13,-0.8392259
44234586,1.14793992,0.9071373,-0.736066163,5.018208E-14,-0.960311949,-1.44773082E-13,-0.278928548,-1.753532E-11,147.607468,-8.9485743E-13,0.535716832,3.06049077E-13,-0.844398
44234596,1.15315044,0.9055103,-0.735436738,4.6629367E-14,-0.961109638,-1.44773082E-13,-0.276166916,-1.74202441E-11,147.936874,-5.53981E-13,0.5308534,3.040406E-13,-0.8474635
44234609,1.15912628,0.903622,-0.7351807,5.24025268E-14,-0.96172893,-1.438849E-13,-0.274003118,-1.75023364E-11,148.194778,-1.2573111E-12,0.527033448,3.05473447E-13,-0.849845052
44234620,1.1654489,0.9010299,-0.7349548,6.128431E-14,-0.9625585,-1.46549439E-13,-0.271074176,-1.80682257E-11,148.54361,-2.20748766E-12,0.5218495,3.15350014E-13,-0.8530377
44234630,1.172268,0.897087932,-0.7346032,5.2846616E-14,-0.963221,-1.42996726E-13,-0.268710732,-1.74108E-11,148.824875,-1.429898E-12,0.5176557,3.038758E-13,-0.8555894
44234641,1.17926145,0.892487466,-0.734066069,5.32907052E-14,-0.9639269,-1.49213975E-13,-0.266167283,-1.81072553E-11,149.127365,-1.33527412E-12,0.5131316,3.16031218E-13,-0.8583102
44234652,1.18566382,0.8867394,-0.733391762,5.90638649E-14,-0.9646493,-1.483258E-13,-0.2635373,-1.81797077E-11,149.4399,-2.04964561E-12,0.5084421,3.17295832E-13,-0.8610966
44234663,1.19186032,0.8807086,-0.7328467,5.77316E-14,-0.96547693,-1.50102153E-13,-0.260489166,-1.83299053E-11,149.801834,-1.90663566E-12,0.5029926,3.19917243E-13,-0.8642914
44234675,1.197859,0.875044167,-0.7324726,5.95079541E-14,-0.966264,-1.49213975E-13,-0.2575538,-1.827811E-11,150.150085,-2.18523442E-12,0.4977299,3.19013181E-13,-0.8673322
44234687,1.20321882,0.869804,-0.7324518,6.48370246E-14,-0.9667192,-1.5187851E-13,-0.255839765,-1.872561E-11,150.3533,-2.729873E-12,0.494650424,3.26823529E-13,-0.8690921
44234698,1.2082752,0.864697039,-0.7325638,5.86197757E-14,-0.967000246,-1.50990331E-13,-0.254776,-1.84426589E-11,150.479385,-2.08747082E-12,0.4927369,3.218852E-13,-0.870178938
44234708,1.21329761,0.859394848,-0.732466161,6.128431E-14,-0.9674744,-1.53654867E-13,-0.252969146,-1.88113726E-11,150.693436,-2.34008169E-12,0.489482343,3.28320379E-13,-0.87201345
44234719,1.21841526,0.8533763,-0.7322324,6.217249E-14,-0.9679985,-1.50990331E-13,-0.25095582,-1.85364432E-11,150.931839,-2.5543582E-12,0.4858497,3.23521944E-13,-0.874042153
44234730,1.22353327,0.8464618,-0.732084334,6.43929354E-14,-0.9686253,-1.52766688E-13,-0.2485256,-1.879038E-11,151.219437,-2.79674417E-12,0.481456369,3.27953945E-13,-0.87646997
44234741,1.22859192,0.8391886,-0.731887043,6.43929354E-14,-0.9695188,-1.52766688E-13,-0.245016977,-1.87801285E-11,151.634323,-2.86475813E-12,0.47509712,3.27775079E-13,-0.879933357
44234752,1.23320472,0.8317991,-0.7317577,5.86197757E-14,-0.9702462,-1.5187851E-13,-0.242120475,-1.8512563E-11,151.976547,-2.30360175E-12,0.469832927,3.23105177E-13,-0.8827554
44234764,1.2367574,0.8243387,-0.7315923,5.32907052E-14,-0.970616341,-1.52766688E-13,-0.240633011,-1.846085E-11,152.152191,-1.714761E-12,0.467124671,3.22202714E-13,-0.8841921
44234777,1.23955846,0.8167902,-0.7313894,5.86197757E-14,-0.9707985,-1.53654867E-13,-0.23989664,-1.87048484E-11,152.23912,-2.297183E-12,0.465782583,3.264612E-13,-0.8848994
44234790,1.24223018,0.809510648,-0.7311545,5.81756865E-14,-0.970855832,-1.53654867E-13,-0.239664584,-1.86921034E-11,152.26651,-2.2522483E-12,0.4653595,3.26238738E-13,-0.885122061
44234800,1.24486423,0.80257,-0.7310448,5.19584376E-14,-0.9711719,-1.53654867E-13,-0.238380179,-1.85192729E-11,152.418091,-1.58506465E-12,0.463016272,3.232223E-13,-0.8863498
44234809,1.24743831,0.7960152,-0.7311715,5.95079541E-14,-0.9716897,-1.5720758E-13,-0.236260861,-1.911575E-11,152.668091,-2.36989877E-12,0.4591445,3.3363278E-13,-0.8883617
